FOD1P,total,total_grad,total_no_grad,total_men,total_grad_men,total_no_grad_men,total_women,total_grad_women,total_no_grad_women,overall_median,overall_grad_median,overall_no_grad_median,women_median,women_grad_median,women_no_grad_median,men_median,men_grad_median,men_no_grad_median,Major,Major_Category
1100.0,167672,40366,127306,131161,28664,102497,36511,11702,24809,48000,65000,42180,45000,60000,37468,50000,67309,45000,GENERAL AGRICULTURE,Agriculture & Natural Resources
1101.0,117626,18479,99147,88543,13329,75214,29083,5150,23933,53000,80000,50000,43000,56000,40000,56000,90054,53000,AGRICULTURE PRODUCTION AND MANAGEMENT,Agriculture & Natural Resources
1102.0,53272,14484,38788,44783,11399,33384,8489,3085,5404,70000,80412,65000,72458,77542,70827,68672,90055,61856,AGRICULTURAL ECONOMICS,Agriculture & Natural Resources
1103.0,169419,60647,108772,85767,33059,52708,83652,27588,56064,55000,75000,48000,50000,65450,42000,65000,83902,55238,ANIMAL SCIENCES,Agriculture & Natural Resources
1104.0,47335,19163,28172,19457,8934,10523,27878,10229,17649,74149,80000,65000,65826,73368,55000,80000,95554,73214,FOOD SCIENCE,Agriculture & Natural Resources
1105.0,123452,37015,86437,87869,26477,61392,35583,10538,25045,52000,67000,48000,40000,58000,35000,59000,70000,51000,PLANT SCIENCE AND AGRONOMY,Agriculture & Natural Resources
1106.0,10290,4328,5962,8630,3241,5389,1660,1087,573,70000,73101,68000,46954,54179,35331,70040,77093,68129,SOIL SCIENCE,Agriculture & Natural Resources
1199.0,13646,6629,7017,7433,4396,3037,6213,2233,3980,50000,85929,38530,40652,76712,31539,70085,84131,60000,MISCELLANEOUS AGRICULTURE,Agriculture & Natural Resources
1301.0,178781,50282,128499,92192,23513,68679,86589,26769,59820,60000,70000,53730,53748,69000,45184,63000,75000,60000,ENVIRONMENTAL SCIENCE,Biology & Life Science
1302.0,93320,24264,69056,79493,19653,59840,13827,4611,9216,60000,73424,58000,50000,51105,50000,62000,78000,60000,FORESTRY,Agriculture & Natural Resources
1303.0,129084,34884,94200,84082,21232,62850,45002,13652,31350,55000,65000,52000,50000,58000,46069,58000,70000,55000,NATURAL RESOURCES MANAGEMENT,Agriculture & Natural Resources
1401.0,477578,166301,311277,327074,109907,217167,150504,56394,94110,65000,70000,60000,55000,63000,52000,70000,75000,65000,ARCHITECTURE,Engineering
1501.0,212318,97839,114479,69365,31180,38185,142953,66659,76294,59000,70000,50000,55000,65000,45000,65000,78000,54984,AREA ETHNIC AND CIVILIZATION STUDIES,Humanities & Liberal Arts
1901.0,1436560,322506,1114054,570872,121004,449868,865688,201502,664186,55000,64000,52000,50000,60000,50000,60000,72277,60000,COMMUNICATIONS,Communications & Journalism
1902.0,575990,135195,440795,227596,52407,175189,348394,82788,265606,58000,70000,54000,55000,65000,50000,63000,80351,60000,JOURNALISM,Communications & Journalism
1903.0,310541,57880,252661,164241,28060,136181,146300,29820,116480,50000,63000,46000,50000,60000,45290,50000,67000,46911,MASS MEDIA,Communications & Journalism
1904.0,245159,38316,206843,85771,13628,72143,159388,24688,134700,52000,68000,50000,48000,65000,46000,60000,74187,60000,ADVERTISING AND PUBLIC RELATIONS,Communications & Journalism
2001.0,85696,8577,77119,54078,4873,49205,31618,3704,27914,45000,70000,42000,42000,80000,40000,48000,65000,45000,COMMUNICATION TECHNOLOGIES,Computers & Mathematics
2100.0,416607,99472,317135,286470,64116,222354,130137,35356,94781,70000,82000,65000,65000,75000,60000,72000,90000,68000,COMPUTER AND INFORMATION SYSTEMS,Computers & Mathematics
2101.0,39090,6016,33074,26628,3193,23435,12462,2823,9639,65000,81036,62512,60000,74039,56956,70000,83100,65796,COMPUTER PROGRAMMING AND DATA PROCESSING,Computers & Mathematics
2102.0,1274999,402693,872306,936476,290404,646072,338523,112289,226234,88000,100000,80000,80000,85000,75000,90000,100000,83000,COMPUTER SCIENCE,Computers & Mathematics
2105.0,129403,39091,90312,88588,25258,63330,40815,13833,26982,74000,85000,70000,70000,71862,65225,76440,90000,73647,INFORMATION SCIENCES,Computers & Mathematics
2106.0,71434,17280,54154,52274,11159,41115,19160,6121,13039,65000,80000,59000,53000,75472,48893,70000,80949,65000,COMPUTER ADMINISTRATION MANAGEMENT AND SECURITY,Computers & Mathematics
2107.0,61585,10616,50969,43978,7363,36615,17607,3253,14354,60000,75000,56175,60000,89062,56598,60000,72190,56000,COMPUTER NETWORKING AND TELECOMMUNICATIONS,Computers & Mathematics
2201.0,60840,8480,52360,35176,5006,30170,25664,3474,22190,43000,35103,44406,33298,18240,34105,45000,45000,47000,COSMETOLOGY SERVICES AND CULINARY ARTS,Industrial Arts & Consumer Services
2300.0,2823787,1297797,1525990,707130,349540,357590,2116657,948257,1168400,50000,56000,42000,48000,55000,40000,54000,64582,47000,GENERAL EDUCATION,Education
2301.0,63317,59726,3591,29292,27750,1542,34025,31976,2049,63121,65000,53969,59796,60000,30000,76254,78000,57532,EDUCATIONAL ADMINISTRATION AND SUPERVISION,Education
2303.0,26711,24677,2034,5971,5410,561,20740,19267,1473,50000,50000,59176,50000,50000,35519,63703,51121,88663,SCHOOL STUDENT COUNSELING,Education
2304.0,2550212,1130995,1419217,251979,135545,116434,2298233,995450,1302783,48000,55000,40000,47000,55000,40000,52000,60000,46000,ELEMENTARY EDUCATION,Education
2305.0,149574,81383,68191,57847,35276,22571,91727,46107,45620,53000,60000,45000,50000,57000,44000,57105,65000,49172,MATHEMATICS TEACHER EDUCATION,Education
2306.0,482706,206730,275976,255299,112703,142596,227407,94027,133380,53000,65000,46000,50000,62000,42000,55000,65000,50000,PHYSICAL AND HEALTH EDUCATION TEACHING,Education
2307.0,263778,88439,175339,7625,3496,4129,256153,84943,171210,41000,50000,36823,40651,50000,36000,44181,50000,38773,EARLY CHILDHOOD EDUCATION,Education
2308.0,127060,73156,53904,59036,35493,23543,68024,37663,30361,55000,62000,46000,51000,60000,42000,58705,68000,52290,SCIENCE AND COMPUTER TEACHER EDUCATION,Education
2309.0,464555,247148,217407,212180,120671,91509,252375,126477,125898,54000,60000,46000,52000,58000,43581,58000,64000,50000,SECONDARY TEACHER EDUCATION,Education
2310.0,353134,205046,148088,39857,23686,16171,313277,181360,131917,51000,60000,42000,50000,59000,41000,55000,60000,48000,SPECIAL NEEDS EDUCATION,Education
2311.0,228794,109820,118974,124449,63207,61242,104345,46613,57732,50000,56204,42000,45000,55000,40000,50000,58000,45000,SOCIAL SCIENCE OR HISTORY TEACHER EDUCATION,Education
2312.0,154577,73227,81350,31840,15153,16687,122737,58074,64663,48000,56000,40000,46000,55000,38000,51666,65000,47007,TEACHER EDUCATION: MULTIPLE LEVELS,Education
2313.0,368025,199410,168615,63689,38360,25329,304336,161050,143286,50000,56000,42000,50000,55000,41000,55000,64300,46072,LANGUAGE AND DRAMA EDUCATION,Education
2314.0,421725,194312,227413,143975,76574,67401,277750,117738,160012,48323,58000,41000,46000,58000,39000,53000,58000,47000,ART AND MUSIC EDUCATION,Education
2399.0,389397,173829,215568,167759,75710,92049,221638,98119,123519,55000,60000,50000,50000,58000,43000,60000,69000,58000,MISCELLANEOUS EDUCATION,Education
2400.0,830762,292290,538472,711896,244637,467259,118866,47653,71213,80000,100000,75000,75000,80000,68438,85000,100000,75000,GENERAL ENGINEERING,Engineering
2401.0,132843,60455,72388,119599,53936,65663,13244,6519,6725,95000,104000,84000,84135,84597,81297,98000,108588,84000,AEROSPACE ENGINEERING,Engineering
2402.0,55401,21969,33432,42497,16274,26223,12904,5695,7209,65000,72834,59621,64000,64095,47950,69973,79707,60000,BIOLOGICAL ENGINEERING,Engineering
2403.0,25338,7607,17731,19872,5502,14370,5466,2105,3361,78200,75000,79155,69796,76524,65448,82941,72208,87881,ARCHITECTURAL ENGINEERING,Engineering
2404.0,54930,30656,24274,34389,20211,14178,20541,10445,10096,80000,96570,60063,64268,70426,47409,90000,100000,70000,BIOMEDICAL ENGINEERING,Engineering
2405.0,372223,183247,188976,277520,138117,139403,94703,45130,49573,100000,110000,90000,85617,95213,79865,100000,115000,93000,CHEMICAL ENGINEERING,Engineering
2406.0,605278,219997,385281,511540,182955,328585,93738,37042,56696,85000,98000,80000,76000,80000,74000,89000,100000,80000,CIVIL ENGINEERING,Engineering
2407.0,295840,109494,186346,236335,85750,150585,59505,23744,35761,95000,104000,85000,78921,80000,75000,98202,110000,85126,COMPUTER ENGINEERING,Engineering
2408.0,1264279,551745,712534,1113544,481253,632291,150735,70492,80243,100000,110000,90000,90000,100000,80000,100000,113308,90000,ELECTRICAL ENGINEERING,Engineering
2409.0,43983,25217,18766,39048,22053,16995,4935,3164,1771,80000,100000,65000,65927,63471,69014,80000,114151,65000,ENGINEERING MECHANICS PHYSICS AND SCIENCE,Engineering
2410.0,35073,15092,19981,23111,9991,13120,11962,5101,6861,75000,84579,70354,62690,69833,56819,79626,88528,75000,ENVIRONMENTAL ENGINEERING,Engineering
2411.0,9237,3781,5456,6752,2985,3767,2485,796,1689,99486,113391,85631,62897,65500,61565,111297,123349,110413,GEOLOGICAL AND GEOPHYSICAL ENGINEERING,Engineering
2412.0,237804,93950,143854,184962,72365,112597,52842,21585,31257,90000,102000,76000,80000,90000,70000,90000,108000,78000,INDUSTRIAL AND MANUFACTURING ENGINEERING,Engineering
2413.0,44647,18512,26135,35711,14812,20899,8936,3700,5236,85000,98104,73000,74015,79096,65000,90000,100491,73000,MATERIALS ENGINEERING AND MATERIALS SCIENCE,Engineering
2414.0,1003561,390904,612657,912756,351166,561590,90805,39738,51067,92000,106000,83000,83456,92764,74339,95000,110000,83000,MECHANICAL ENGINEERING,Engineering
2415.0,25532,14302,11230,23674,13228,10446,1858,1074,784,110000,110000,107573,99796,104496,74241,110000,110000,109633,METALLURGICAL ENGINEERING,Engineering
2416.0,18204,5817,12387,16722,5498,11224,1482,319,1163,100000,105601,100000,99076,119378,102954,100000,106106,100000,MINING AND MINERAL ENGINEERING,Engineering
2417.0,26742,12475,14267,25331,11403,13928,1411,1072,339,104000,115000,100000,87695,81699,88534,104430,116728,100000,NAVAL ARCHITECTURE AND MARINE ENGINEERING,Engineering
2418.0,18035,8997,9038,16399,8915,7484,1636,82,1554,119971,120000,119229,71778,140000,71695,120000,120000,121751,NUCLEAR ENGINEERING,Engineering
2419.0,32839,10092,22747,28873,9143,19730,3966,949,3017,141006,150000,125083,100000,158534,87530,150000,150000,130000,PETROLEUM ENGINEERING,Engineering
2499.0,99649,29416,70233,83095,22929,60166,16554,6487,10067,80000,100000,75000,65189,65486,64789,80000,105000,75000,MISCELLANEOUS ENGINEERING,Engineering
2500.0,56362,10923,45439,43509,7100,36409,12853,3823,9030,75000,71689,75000,54344,30472,59087,80000,81458,80000,ENGINEERING TECHNOLOGIES,Engineering
2501.0,61784,19729,42055,54014,17013,37001,7770,2716,5054,82000,90601,72760,65915,90000,55000,83345,92603,75000,ENGINEERING AND INDUSTRIAL MANAGEMENT,Engineering
2502.0,130364,32082,98282,111415,26157,85258,18949,5925,13024,79000,88053,75000,70000,79675,70000,80000,90000,76000,ELECTRICAL ENGINEERING TECHNOLOGY,Engineering
2503.0,101597,20260,81337,94036,17833,76203,7561,2427,5134,75000,87365,70000,75134,65481,75766,75000,88000,68633,INDUSTRIAL PRODUCTION TECHNOLOGIES,Engineering
2504.0,41323,6695,34628,38280,6141,32139,3043,554,2489,74000,90295,67661,83206,105000,78037,71000,90325,67000,MECHANICAL ENGINEERING RELATED TECHNOLOGIES,Engineering
2599.0,99708,19358,80350,79287,14674,64613,20421,4684,15737,65000,85000,61156,61744,75000,52085,65000,90000,63000,MISCELLANEOUS ENGINEERING TECHNOLOGIES,Engineering
2601.0,140125,66151,73974,36887,17827,19060,103238,48324,54914,54000,60000,47000,50000,55000,45000,62180,65000,50756,LINGUISTICS AND COMPARATIVE LANGUAGE AND LITERATURE,Humanities & Liberal Arts
2602.0,464658,231845,232813,118674,62963,55711,345984,168882,177102,57000,68000,46000,52000,64000,45000,66000,75046,55000,FRENCH GERMAN LATIN AND OTHER COMMON FOREIGN LANGUAGE STUDIES,Humanities & Liberal Arts
2603.0,119971,49688,70283,49315,21685,27630,70656,28003,42653,50000,67092,45000,45000,65000,39719,58216,72177,50000,OTHER FOREIGN LANGUAGES,Humanities & Liberal Arts
2901.0,580909,163525,417384,43103,13797,29306,537806,149728,388078,47000,60000,40000,45000,59000,40000,60000,88302,49887,FAMILY AND CONSUMER SCIENCES,Industrial Arts & Consumer Services
3201.0,7616,1555,6061,4192,1071,3121,3424,484,2940,65000,84987,65000,32197,96707,30563,82621,84331,78447,COURT REPORTING,Law & Public Policy
3202.0,105091,36667,68424,39005,17424,21581,66086,19243,46843,59000,70785,50000,52938,65000,48000,70000,100000,50000,PRE-LAW AND LEGAL STUDIES,Law & Public Policy
3301.0,2088299,948218,1140081,687892,319810,368082,1400407,628408,771999,55000,68000,48000,52000,62000,45000,65000,80000,52000,ENGLISH LANGUAGE AND LITERATURE,Humanities & Liberal Arts
3302.0,88852,26226,62626,31808,9153,22655,57044,17073,39971,45000,51387,42000,42000,50000,40000,50000,60000,50000,COMPOSITION AND RHETORIC,Humanities & Liberal Arts
3401.0,898385,243513,654872,360163,101421,258742,538222,142092,396130,55000,70000,50000,50000,62000,45000,63000,85000,58000,LIBERAL ARTS,Humanities & Liberal Arts
3402.0,79799,29695,50104,29465,11587,17878,50334,18108,32226,55000,75000,50000,51000,70495,47000,60000,78478,50000,HUMANITIES,Humanities & Liberal Arts
3501.0,50848,33701,17147,7310,5550,1760,43538,28151,15387,45000,56039,30000,45000,57000,30571,44018,50368,23939,LIBRARY SCIENCE,Education
3600.0,2103708,1197580,906128,1026693,642258,384435,1077015,555322,521693,70000,90000,50000,60000,75000,45649,84000,103000,56000,BIOLOGY,Biology & Life Science
3601.0,237645,148955,88690,130155,84968,45187,107490,63987,43503,75000,89000,53399,65000,75000,45000,83000,100000,60000,BIOCHEMICAL SCIENCES,Biology & Life Science
3602.0,33992,21170,12822,16699,10473,6226,17293,10697,6596,72000,80000,59000,65000,73010,44815,80000,90577,60000,BOTANY,Biology & Life Science
3603.0,83319,47755,35564,39730,22966,16764,43589,24789,18800,70000,85083,50000,65573,75000,47274,80000,100000,53726,MOLECULAR BIOLOGY,Biology & Life Science
3604.0,74648,28581,46067,31927,11897,20030,42721,16684,26037,57000,70000,48000,51000,63046,44833,60000,75000,55000,ECOLOGY,Biology & Life Science
3605.0,21543,14520,7023,10270,7232,3038,11273,7288,3985,63000,65000,50285,58695,61829,50766,64612,68587,43972,GENETICS,Biology & Life Science
3606.0,172672,93057,79615,76048,46060,29988,96624,46997,49627,74000,90000,57551,68000,80000,56716,80000,100000,59150,MICROBIOLOGY,Biology & Life Science
3607.0,16402,11519,4883,7304,5344,1960,9098,6175,2923,100000,100000,93800,100000,108039,37308,99722,92827,126366,PHARMACOLOGY,Biology & Life Science
3608.0,124864,67698,57166,56849,32277,24572,68015,35421,32594,70000,80000,52000,60000,68000,49879,80000,93360,63239,PHYSIOLOGY,Biology & Life Science
3609.0,159796,102477,57319,98646,70192,28454,61150,32285,28865,80000,102793,50000,58000,75000,40000,96254,120000,57201,ZOOLOGY,Biology & Life Science
3611.0,37820,19117,18703,17820,8207,9613,20000,10910,9090,58972,69936,44055,56000,59512,41931,65000,80000,46198,NEUROSCIENCE,Biology & Life Science
3699.0,72773,34154,38619,39423,17936,21487,33350,16218,17132,57000,70000,52000,51581,65000,49918,60000,74000,54725,MISCELLANEOUS BIOLOGY,Biology & Life Science
3700.0,923334,457246,466088,544308,283366,260942,379026,173880,205146,80000,90000,70000,67000,75000,60000,89000,100000,75000,MATHEMATICS,Computers & Mathematics
3701.0,41606,19813,21793,27597,12389,15208,14009,7424,6585,100000,114908,90000,98515,112327,68000,100000,116081,90000,APPLIED MATHEMATICS,Computers & Mathematics
3702.0,51081,23620,27461,29391,14048,15343,21690,9572,12118,75000,85000,66000,61064,75000,44886,84610,89130,75042,STATISTICS AND DECISION SCIENCE,Computers & Mathematics
3801.0,10446,6515,3931,9862,6288,3574,584,227,357,80000,81931,65181,52772,54091,20000,80000,83193,66060,MILITARY TECHNOLOGIES,Industrial Arts & Consumer Services
4000.0,81409,21829,59580,22259,5779,16480,59150,16050,43100,47000,52000,45000,46000,50000,43000,54876,68198,50000,MULTI/INTERDISCIPLINARY STUDIES,Interdisciplinary
4001.0,110469,44623,65846,40951,16003,24948,69518,28620,40898,53000,70000,40948,47991,63000,36236,64000,82956,50000,INTERCULTURAL AND INTERNATIONAL STUDIES,Humanities & Liberal Arts
4002.0,123357,48575,74782,14388,4567,9821,108969,44008,64961,54000,63000,48000,54000,65000,48000,50000,60000,46000,NUTRITION SCIENCES,Health
4005.0,16389,6452,9937,10655,4180,6475,5734,2272,3462,112518,115000,100000,93440,130478,50625,114000,115000,114000,MATHEMATICS AND COMPUTER SCIENCE,Computers & Mathematics
4006.0,16736,8577,8159,8869,4511,4358,7867,4066,3801,73372,84554,62011,80000,84751,71777,70761,83600,61807,COGNITIVE SCIENCE AND BIOPSYCHOLOGY,Biology & Life Science
4007.0,105055,40313,64742,29230,13178,16052,75825,27135,48690,50000,60000,43000,45000,55000,40000,71038,79642,60000,INTERDISCIPLINARY SOCIAL SCIENCES,Social Science
4101.0,601185,166080,435105,316412,78635,237777,284773,87445,197328,48019,60000,43000,45000,60000,40000,50000,60000,47000,PHYSICAL FITNESS PARKS RECREATION AND LEISURE,Industrial Arts & Consumer Services
4801.0,488098,259728,228370,329210,183641,145569,158888,76087,82801,57000,68000,46892,53000,68000,40000,60000,67044,50000,PHILOSOPHY AND RELIGIOUS STUDIES,Humanities & Liberal Arts
4901.0,449998,195773,254225,327306,155356,171950,122692,40417,82275,43453,50000,40000,38000,45959,36000,45000,50000,41000,THEOLOGY AND RELIGIOUS VOCATIONS,Humanities & Liberal Arts
5000.0,17874,6790,11084,13134,4693,8441,4740,2097,2643,74010,100000,58870,53000,75808,47790,84284,101902,64244,PHYSICAL SCIENCES,Physical Sciences
5001.0,13078,7893,5185,8589,4988,3601,4489,2905,1584,80000,94299,44915,65000,87711,34022,83224,97486,49183,ASTRONOMY AND ASTROPHYSICS,Physical Sciences
5002.0,26791,11537,15254,20628,8862,11766,6163,2675,3488,76235,94483,64242,67686,85322,56491,83000,99522,68723,ATMOSPHERIC SCIENCES AND METEOROLOGY,Physical Sciences
5003.0,820136,507176,312960,521077,342920,178157,299059,164256,134803,83000,100000,60000,65365,80000,50000,95080,110000,65000,CHEMISTRY,Physical Sciences
5004.0,223716,99161,124555,162538,71773,90765,61178,27388,33790,70000,85000,60000,55000,70000,50000,75000,92000,63000,GEOLOGY AND EARTH SCIENCE,Physical Sciences
5005.0,17888,9197,8691,12199,6311,5888,5689,2886,2803,85000,100000,74564,60000,60000,58050,95988,127145,80000,GEOSCIENCES,Physical Sciences
5006.0,22876,10348,12528,14317,6225,8092,8559,4123,4436,70000,80000,48000,46197,61396,39700,81895,85944,77467,OCEANOGRAPHY,Physical Sciences
5007.0,373747,251409,122338,312657,210156,102501,61090,41253,19837,90000,100000,79669,71843,75000,64661,95000,100000,80000,PHYSICS,Physical Sciences
5008.0,29016,18664,10352,21810,14401,7409,7206,4263,2943,96163,110000,64000,76885,85394,49513,100000,112239,68683,MATERIALS SCIENCE,Engineering
5098.0,664428,235435,428993,349200,136919,212281,315228,98516,216712,63000,80000,55000,53000,70000,49000,74000,100000,65000,MULTI-DISCIPLINARY OR GENERAL SCIENCE,Physical Sciences
5102.0,13871,2579,11292,4911,1376,3535,8960,1203,7757,60000,90147,58374,60000,82127,55000,64663,89029,60000,"NUCLEAR, INDUSTRIAL RADIOLOGY, AND BIOLOGICAL TECHNOLOGIES",Physical Sciences
5200.0,2955325,1335525,1619800,919146,430375,488771,2036179,905150,1131029,53000,65000,45000,50000,60000,40000,65000,80000,53705,PSYCHOLOGY,Psychology & Social Work
5201.0,38022,25451,12571,8806,5964,2842,29216,19487,9729,55000,60000,40000,53446,56000,40000,76368,85000,43042,EDUCATIONAL PSYCHOLOGY,Psychology & Social Work
5202.0,31095,22641,8454,9653,7322,2331,21442,15319,6123,51904,60000,30458,51070,60000,30305,52000,55759,35291,CLINICAL PSYCHOLOGY,Psychology & Social Work
5203.0,81916,61188,20728,20636,14619,6017,61280,46569,14711,47000,50000,33000,43000,48000,31741,60000,60000,46600,COUNSELING PSYCHOLOGY,Psychology & Social Work
5205.0,30842,15313,15529,12130,6097,6033,18712,9216,9496,72296,80000,70000,65000,60000,70000,90692,126017,68838,INDUSTRIAL AND ORGANIZATIONAL PSYCHOLOGY,Psychology & Social Work
5206.0,18521,8957,9564,5472,2695,2777,13049,6262,6787,59273,67000,50000,56928,65766,45000,63023,84562,52000,SOCIAL PSYCHOLOGY,Psychology & Social Work
5299.0,68639,31690,36949,18668,9779,8889,49971,21911,28060,55976,75000,40000,47000,70000,37710,75000,100000,62126,MISCELLANEOUS PSYCHOLOGY,Psychology & Social Work
5301.0,1140634,235736,904898,677765,129735,548030,462869,106001,356868,53000,64000,50000,45000,54000,42132,60000,79000,56000,CRIMINAL JUSTICE AND FIRE PROTECTION,Law & Public Policy
5401.0,104640,51583,53057,53498,26478,27020,51142,25105,26037,71570,76000,65000,60000,69142,53000,80000,80000,75022,PUBLIC ADMINISTRATION,Law & Public Policy
5402.0,36223,18149,18074,16688,7702,8986,19535,10447,9088,65297,80000,48000,50930,72108,44853,80000,100594,50000,PUBLIC POLICY,Law & Public Policy
5403.0,132217,39431,92786,24151,7064,17087,108066,32367,75699,42558,50000,40000,42000,50000,38622,47000,53621,45000,HUMAN SERVICES AND COMMUNITY ORGANIZATION,Psychology & Social Work
5404.0,648242,303328,344914,95188,47820,47368,553054,255508,297546,46000,52000,40000,45000,50000,40000,52000,65000,42000,SOCIAL WORK,Psychology & Social Work
5500.0,206171,82543,123628,89691,37719,51972,116480,44824,71656,55000,67991,49000,50000,61552,42402,61718,72000,56802,GENERAL SOCIAL SCIENCES,Social Science
5501.0,1343694,541233,802461,921416,372889,548527,422278,168344,253934,80000,100000,69000,70000,88000,60000,85000,110000,73000,ECONOMICS,Social Science
5502.0,280829,121565,159264,96697,39503,57194,184132,82062,102070,50000,65000,43000,49000,60000,40000,61715,80000,48000,ANTHROPOLOGY AND ARCHEOLOGY,Humanities & Liberal Arts
5503.0,115578,27159,88419,63220,14608,48612,52358,12551,39807,50000,67000,49061,42000,55000,40000,60000,79385,59000,CRIMINOLOGY,Social Science
5504.0,185785,57423,128362,126400,36946,89454,59385,20477,38908,60000,74000,55000,52000,63368,50000,64000,81390,60000,GEOGRAPHY,Social Science
5505.0,183785,88945,94840,77685,41458,36227,106100,47487,58613,70000,90000,57000,62920,89207,50000,80000,90000,65206,INTERNATIONAL RELATIONS,Social Science
5506.0,1557422,765426,791996,958449,477287,481162,598973,288139,310834,70000,89000,56000,60000,75000,50000,79000,98000,62000,POLITICAL SCIENCE AND GOVERNMENT,Social Science
5507.0,1084283,377242,707041,360190,129329,230861,724093,247913,476180,53000,65000,48000,50000,60000,45000,60000,79000,50000,SOCIOLOGY,Social Science
5599.0,33625,15102,18523,14854,6861,7993,18771,8241,10530,75070,82124,58828,64392,80000,55000,80000,85000,76224,MISCELLANEOUS SOCIAL SCIENCES,Social Science
5601.0,124347,13911,110436,113017,10764,102253,11330,3147,8183,70000,80000,70000,59955,69072,54605,70000,85000,70000,CONSTRUCTION SERVICES,Industrial Arts & Consumer Services
5701.0,22845,3042,19803,20310,2899,17411,2535,143,2392,50384,48776,52802,36089,28727,37464,53367,49096,55000,"ELECTRICAL, MECHANICAL, AND PRECISION TECHNOLOGIES AND PRODUCTION",Industrial Arts & Consumer Services
5901.0,167755,36754,131001,149641,32193,117448,18114,4561,13553,80000,95000,75000,64705,80376,60000,80000,100000,78000,TRANSPORTATION SCIENCES AND TECHNOLOGIES,Industrial Arts & Consumer Services
6000.0,809960,189436,620524,298231,69999,228232,511729,119437,392292,48593,57000,45000,45000,56608,41000,50000,60000,50000,FINE ARTS,Arts
6001.0,261732,76733,184999,103704,28739,74965,158028,47994,110034,45000,55000,40000,44848,52545,40000,45000,62959,43608,DRAMA AND THEATER ARTS,Arts
6002.0,539804,233924,305880,259482,109903,149579,280322,124021,156301,50000,60000,42000,48994,56000,40000,50000,60000,44000,MUSIC,Arts
6003.0,74070,17871,56199,16783,3370,13413,57287,14501,42786,45000,60000,40000,43000,56000,36930,53945,62773,47409,VISUAL AND PERFORMING ARTS,Arts
6004.0,621131,62905,558226,216043,22330,193713,405088,40575,364513,47000,57000,45000,43965,55000,42000,50000,65658,50000,COMMERCIAL ART AND GRAPHIC DESIGN,Arts
6005.0,183060,22784,160276,112539,11123,101416,70521,11661,58860,45000,64000,42331,40000,58937,38000,49602,64073,47892,FILM VIDEO AND PHOTOGRAPHIC ARTS,Arts
6006.0,164258,65248,99010,29100,12178,16922,135158,53070,82088,55000,65000,45310,54000,60000,47118,59690,76004,44000,ART HISTORY AND CRITICISM,Humanities & Liberal Arts
6007.0,111837,29709,82128,34312,9628,24684,77525,20081,57444,41979,57000,38000,40000,57000,36000,45000,60000,42582,STUDIO ARTS,Arts
6099.0,13169,828,12341,6768,499,6269,6401,329,6072,40000,35811,40000,45000,40862,45000,37979,22538,38071,MISCELLANEOUS FINE ARTS,Arts
6100.0,203001,71310,131691,58193,24622,33571,144808,46688,98120,55000,72000,46869,52000,69417,45000,62401,75000,50000,GENERAL MEDICAL AND HEALTH SERVICES,Health
6102.0,283622,196586,87036,19185,12410,6775,264437,184176,80261,60000,65000,38242,59000,65000,36139,69958,70000,68713,COMMUNICATION DISORDERS SCIENCES AND SERVICES,Health
6103.0,196920,53797,143123,44241,14616,29625,152679,39181,113498,55761,75000,50000,52000,70000,46584,68000,85000,60000,HEALTH AND MEDICAL ADMINISTRATIVE SERVICES,Health
6104.0,92235,22178,70057,12525,5134,7391,79710,17044,62666,59000,88000,50000,55000,70269,48218,97965,123258,70000,MEDICAL ASSISTING SERVICES,Health
6105.0,225509,49471,176038,58960,16803,42157,166549,32668,133881,65000,84145,60000,62000,74000,60000,70000,96113,65000,MEDICAL TECHNOLOGIES TECHNICIANS,Health
6106.0,152202,119335,32867,93163,80448,12715,59039,38887,20152,103000,120000,45000,74252,102163,40000,131313,150000,81375,HEALTH AND MEDICAL PREPARATORY PROGRAMS,Health
6107.0,2654273,675112,1979161,227529,63243,164286,2426744,611869,1814875,69000,87000,63000,68000,86000,62000,75944,100000,70000,NURSING,Health
6108.0,354973,174995,179978,186352,90856,95496,168621,84139,84482,110000,110000,110000,100000,103000,100000,116000,115000,119000,PHARMACY PHARMACEUTICAL SCIENCES AND ADMINISTRATION,Health
6109.0,457903,182774,275129,114336,50343,63993,343567,132431,211136,65000,70000,60000,63000,68000,59000,70000,75000,68000,TREATMENT THERAPY PROFESSIONS,Health
6110.0,112114,41996,70118,28783,9220,19563,83331,32776,50555,50000,61742,45000,45000,60000,40000,60000,77124,60000,COMMUNITY AND PUBLIC HEALTH,Health
6199.0,146421,63471,82950,24896,13648,11248,121525,49823,71702,50000,60000,45000,50000,60000,45000,55000,63592,49187,MISCELLANEOUS HEALTH MEDICAL PROFESSIONS,Health
6200.0,3131857,717834,2414023,1888951,440527,1448424,1242906,277307,965599,65000,80000,60000,55000,70000,51000,72000,89000,67000,GENERAL BUSINESS,Business
6201.0,2501041,657424,1843617,1285761,381983,903778,1215280,275441,939839,70000,85000,63000,60000,74000,58000,78000,95000,70000,ACCOUNTING,Business
6202.0,15168,3076,12092,8743,1953,6790,6425,1123,5302,89717,111953,85000,84921,66600,85000,92693,142583,89404,ACTUARIAL SCIENCE,Business
6203.0,4147285,923031,3224254,2328441,530052,1798389,1818844,392979,1425865,62000,78000,60000,54000,65000,51000,70000,90000,67000,BUSINESS MANAGEMENT AND ADMINISTRATION,Business
6204.0,90099,20454,69645,60930,12691,48239,29169,7763,21406,69000,90000,65000,62000,80000,54000,71000,97600,69000,OPERATIONS LOGISTICS AND E-COMMERCE,Business
6205.0,115368,30235,85133,78642,20388,58254,36726,9847,26879,75000,89271,70000,60000,74650,53000,82671,100000,80000,BUSINESS ECONOMICS,Business
6206.0,1395110,234736,1160374,648214,109503,538711,746896,125233,621663,60000,75000,58000,52000,65000,50000,70000,85000,66000,MARKETING AND MARKETING RESEARCH,Business
6207.0,1235685,354785,880900,821905,238912,582993,413780,115873,297907,75000,96000,70000,63000,80000,58000,80000,100000,75000,FINANCE,Business
6209.0,278986,78963,200023,101279,32632,68647,177707,46331,131376,60000,75000,55000,55000,69638,50000,70000,80922,60000,HUMAN RESOURCES AND PERSONNEL MANAGEMENT,Business
6210.0,149014,38948,110066,64163,15544,48619,84851,23404,61447,62000,86000,55000,54772,78000,50000,70000,90707,65000,INTERNATIONAL BUSINESS,Business
6211.0,243859,27948,215911,109230,13669,95561,134629,14279,120350,47000,65000,45000,40878,64382,40000,55000,65000,52000,HOSPITALITY MANAGEMENT,Business
6212.0,225716,51661,174055,143020,31218,111802,82696,20443,62253,80000,85000,77000,72000,80000,70000,81682,85383,80000,MANAGEMENT INFORMATION SYSTEMS AND STATISTICS,Business
6299.0,140447,29186,111261,71809,16006,55803,68638,13180,55458,57000,72000,54000,48000,50000,45000,62000,95000,60000,MISCELLANEOUS BUSINESS & MEDICAL ADMINISTRATION,Business
6402.0,1453291,681634,771657,897668,421452,476216,555623,260182,295441,60000,75000,50000,53000,63000,45000,65000,82000,55000,HISTORY,Humanities & Liberal Arts
6403.0,30678,16263,14415,18745,9756,8989,11933,6507,5426,78258,90000,66988,68000,79393,61267,85084,92094,70354,UNITED STATES HISTORY,Humanities & Liberal Arts
