FOD1P,total,total_grad,total_no_grad,total_men,total_grad_men,total_no_grad_men,total_women,total_grad_women,total_no_grad_women,overall_median,overall_grad_median,overall_no_grad_median,women_median,women_grad_median,women_no_grad_median,men_median,men_grad_median,men_no_grad_median,Major,Major_Category
1100.0,125144,34384,90760,93424,26644,66780,31720,7740,23980,50000,71623,50000,47068,66933,37935,55000,76020,50000,GENERAL AGRICULTURE,Agriculture & Natural Resources
1101.0,87358,15780,71578,65554,11298,54256,21804,4482,17322,55051,80000,53357,50000,57584,50000,59606,90000,54088,AGRICULTURE PRODUCTION AND MANAGEMENT,Agriculture & Natural Resources
1102.0,33817,12416,21401,25778,9940,15838,8039,2476,5563,65000,96191,60000,43030,70707,39567,72000,100000,62819,AGRICULTURAL ECONOMICS,Agriculture & Natural Resources
1103.0,123754,44108,79646,59942,19998,39944,63812,24110,39702,55592,75000,45000,52000,74000,40000,60000,80000,53000,ANIMAL SCIENCES,Agriculture & Natural Resources
1104.0,34492,12279,22213,13675,4619,9056,20817,7660,13157,64855,71819,60000,60000,64198,55000,90193,100000,80475,FOOD SCIENCE,Agriculture & Natural Resources
1105.0,86363,20761,65602,56836,13802,43034,29527,6959,22568,52000,82873,46000,37000,56410,35000,60000,95035,53473,PLANT SCIENCE AND AGRONOMY,Agriculture & Natural Resources
1106.0,7684,3085,4599,5846,2340,3506,1838,745,1093,52877,52000,57035,46680,46114,70688,60000,85116,54393,SOIL SCIENCE,Agriculture & Natural Resources
1199.0,13438,4388,9050,6190,2314,3876,7248,2074,5174,50000,53473,50000,43822,35512,45000,55000,57102,54105,MISCELLANEOUS AGRICULTURE,Agriculture & Natural Resources
1301.0,169795,54318,115477,88664,26141,62523,81131,28177,52954,60000,75000,50302,56000,68990,48000,60000,78333,55000,ENVIRONMENTAL SCIENCE,Biology & Life Science
1302.0,70758,19343,51415,61029,15601,45428,9729,3742,5987,65359,89018,60000,67000,75370,60730,65000,93316,60000,FORESTRY,Agriculture & Natural Resources
1303.0,103382,32220,71162,69456,20701,48755,33926,11519,22407,60000,78000,52000,55000,61000,50000,63000,84005,55000,NATURAL RESOURCES MANAGEMENT,Agriculture & Natural Resources
1401.0,378661,136568,242093,248615,87461,161154,130046,49107,80939,70000,78000,65000,62000,70000,56000,72000,80000,68000,ARCHITECTURE,Engineering
1501.0,172993,79252,93741,60162,30190,29972,112831,49062,63769,60000,76000,50000,56000,69789,44659,69596,85000,54000,AREA ETHNIC AND CIVILIZATION STUDIES,Humanities & Liberal Arts
1901.0,1109756,250279,859477,435757,83011,352746,673999,167268,506731,59000,67000,55000,54000,62000,50000,64745,75000,60000,COMMUNICATIONS,Communications & Journalism
1902.0,454841,107568,347273,181394,42462,138932,273447,65106,208341,60000,70000,55000,55000,64000,50000,65000,75000,61670,JOURNALISM,Communications & Journalism
1903.0,236810,47316,189494,124931,21001,103930,111879,26315,85564,50000,65000,50000,50000,55000,48000,54000,82000,50000,MASS MEDIA,Communications & Journalism
1904.0,180981,30207,150774,58879,11137,47742,122102,19070,103032,60000,71000,55000,53000,60000,52000,70000,97297,65000,ADVERTISING AND PUBLIC RELATIONS,Communications & Journalism
2001.0,69537,8672,60865,43649,4645,39004,25888,4027,21861,50000,70600,48000,45000,50846,45000,52000,100000,50000,COMMUNICATION TECHNOLOGIES,Computers & Mathematics
2100.0,326638,79997,246641,231880,52557,179323,94758,27440,67318,80000,93000,74689,68000,78000,65000,80580,96738,76000,COMPUTER AND INFORMATION SYSTEMS,Computers & Mathematics
2101.0,27770,5682,22088,17970,2610,15360,9800,3072,6728,65000,62666,65000,60919,100000,59151,65000,50886,65295,COMPUTER PROGRAMMING AND DATA PROCESSING,Computers & Mathematics
2102.0,1069217,340217,729000,791897,249040,542857,277320,91177,186143,95000,110000,88000,84000,92000,75000,100000,115908,90000,COMPUTER SCIENCE,Computers & Mathematics
2105.0,100888,24202,76686,72430,17183,55247,28458,7019,21439,80000,100000,75000,77369,70172,80000,80464,105644,75000,INFORMATION SCIENCES,Computers & Mathematics
2106.0,56892,10244,46648,43277,7011,36266,13615,3233,10382,68000,79220,65000,68584,87888,60000,68000,77822,65123,COMPUTER ADMINISTRATION MANAGEMENT AND SECURITY,Computers & Mathematics
2107.0,50872,12964,37908,36189,8594,27595,14683,4370,10313,67691,106914,60000,60328,83000,54384,70000,120864,61187,COMPUTER NETWORKING AND TELECOMMUNICATIONS,Computers & Mathematics
2201.0,48592,5150,43442,27319,2036,25283,21273,3114,18159,43643,42444,43836,32000,25797,32000,50000,50000,50000,COSMETOLOGY SERVICES AND CULINARY ARTS,Industrial Arts & Consumer Services
2300.0,2078281,947658,1130623,497826,252709,245117,1580455,694949,885506,50000,60000,45000,50000,57000,42000,60000,70000,50000,GENERAL EDUCATION,Education
2301.0,46081,42499,3582,21953,20578,1375,24128,21921,2207,60000,62000,44772,55000,57145,35000,65000,65480,68274,EDUCATIONAL ADMINISTRATION AND SUPERVISION,Education
2303.0,20730,18464,2266,5079,4285,794,15651,14179,1472,50000,53000,35548,49772,50000,33046,70117,70000,106000,SCHOOL STUDENT COUNSELING,Education
2304.0,1709872,742836,967036,167122,88156,78966,1542750,654680,888070,50000,57000,42000,49000,56000,41000,55000,67000,45000,ELEMENTARY EDUCATION,Education
2305.0,106845,57559,49286,43333,24862,18471,63512,32697,30815,54000,60000,49900,50000,55000,45000,61000,72536,52000,MATHEMATICS TEACHER EDUCATION,Education
2306.0,340837,143461,197376,176046,72927,103119,164791,70534,94257,55000,65000,49000,52000,59000,45000,60000,70000,50000,PHYSICAL AND HEALTH EDUCATION TEACHING,Education
2307.0,193223,65090,128133,6321,2199,4122,186902,62891,124011,41000,50000,37000,41000,50000,37000,46000,55000,35000,EARLY CHILDHOOD EDUCATION,Education
2308.0,89015,51472,37543,44483,27607,16876,44532,23865,20667,61000,68000,50000,52439,60000,42736,70000,80103,60000,SCIENCE AND COMPUTER TEACHER EDUCATION,Education
2309.0,288371,149268,139103,128966,72270,56696,159405,76998,82407,55000,60000,50000,50000,56000,45000,60000,68596,53000,SECONDARY TEACHER EDUCATION,Education
2310.0,247777,143424,104353,28329,16160,12169,219448,127264,92184,52000,60000,42000,52000,60000,41000,59000,74449,47669,SPECIAL NEEDS EDUCATION,Education
2311.0,167833,84053,83780,87323,47222,40101,80510,36831,43679,54000,65000,45250,51000,59264,40000,57000,70000,50000,SOCIAL SCIENCE OR HISTORY TEACHER EDUCATION,Education
2312.0,116206,53482,62724,24291,12600,11691,91915,40882,51033,48000,54000,41000,46990,52000,40000,52292,62266,45000,TEACHER EDUCATION: MULTIPLE LEVELS,Education
2313.0,259722,138614,121108,49673,29228,20445,210049,109386,100663,53000,60000,43026,52000,60000,43000,60000,65040,44959,LANGUAGE AND DRAMA EDUCATION,Education
2314.0,306022,145510,160512,108625,55791,52834,197397,89719,107678,50000,58000,45000,50000,55000,43000,55000,62891,46459,ART AND MUSIC EDUCATION,Education
2399.0,271965,123337,148628,121138,55913,65225,150827,67424,83403,60000,65000,52000,53000,59371,49222,66000,75919,59000,MISCELLANEOUS EDUCATION,Education
2400.0,612780,213637,399143,521765,180258,341507,91015,33379,57636,85000,100000,80000,73938,95000,69000,89000,100000,80000,GENERAL ENGINEERING,Engineering
2401.0,107623,54160,53463,98039,49875,48164,9584,4285,5299,100000,110000,90579,86867,106537,80000,100000,110305,94659,AEROSPACE ENGINEERING,Engineering
2402.0,47277,22102,25175,34501,16304,18197,12776,5798,6978,75000,95336,62000,65000,72304,50000,85000,100000,64164,BIOLOGICAL ENGINEERING,Engineering
2403.0,20441,5898,14543,14437,3855,10582,6004,2043,3961,85000,91134,75179,69162,88830,66682,90000,98651,90000,ARCHITECTURAL ENGINEERING,Engineering
2404.0,55025,29154,25871,35469,19446,16023,19556,9708,9848,82582,100000,65115,79978,90000,67981,86000,110000,65000,BIOMEDICAL ENGINEERING,Engineering
2405.0,297179,143722,153457,214592,105532,109060,82587,38190,44397,100000,120000,92000,91782,100000,86301,109000,121649,95000,CHEMICAL ENGINEERING,Engineering
2406.0,471213,177891,293322,395012,150474,244538,76201,27417,48784,90000,100000,80000,75000,82475,72000,90678,102437,84000,CIVIL ENGINEERING,Engineering
2407.0,265528,93690,171838,210447,72355,138092,55081,21335,33746,100000,115000,90000,90000,100000,80000,100000,120000,93742,COMPUTER ENGINEERING,Engineering
2408.0,985938,423384,562554,862275,365990,496285,123663,57394,66269,102000,120000,95000,90000,100000,83000,105000,120000,98000,ELECTRICAL ENGINEERING,Engineering
2409.0,33204,18811,14393,28142,15935,12207,5062,2876,2186,95502,115783,72982,91205,112129,81027,98323,115725,71401,ENGINEERING MECHANICS PHYSICS AND SCIENCE,Engineering
2410.0,23444,8800,14644,14181,4650,9531,9263,4150,5113,86267,100000,72000,65000,98663,38368,95573,114709,87493,ENVIRONMENTAL ENGINEERING,Engineering
2411.0,12024,5045,6979,9698,4329,5369,2326,716,1610,86152,119806,62695,54778,73876,56042,99613,125734,80916,GEOLOGICAL AND GEOPHYSICAL ENGINEERING,Engineering
2412.0,169303,67706,101597,133982,52828,81154,35321,14878,20443,94049,107316,82000,75000,79000,70000,100000,120000,85000,INDUSTRIAL AND MANUFACTURING ENGINEERING,Engineering
2413.0,34402,15275,19127,25412,12326,13086,8990,2949,6041,82670,95508,75000,73567,111204,55000,85000,94437,81365,MATERIALS ENGINEERING AND MATERIALS SCIENCE,Engineering
2414.0,780110,296028,484082,713415,268251,445164,66695,27777,38918,98000,112000,85000,85265,100000,82000,99210,115000,87000,MECHANICAL ENGINEERING,Engineering
2415.0,20296,9321,10975,17820,8237,9583,2476,1084,1392,110000,111585,101019,89245,127608,84854,110000,115386,110000,METALLURGICAL ENGINEERING,Engineering
2416.0,13695,6523,7172,12344,5973,6371,1351,550,801,104866,105511,106345,125631,184645,127291,103720,103068,103783,MINING AND MINERAL ENGINEERING,Engineering
2417.0,16514,5933,10581,15803,5584,10219,711,349,362,100000,106487,100000,58879,60997,77530,100000,125000,100000,NAVAL ARCHITECTURE AND MARINE ENGINEERING,Engineering
2418.0,15597,7960,7637,12880,6798,6082,2717,1162,1555,104961,114541,100000,81562,74875,88028,113352,130000,103800,NUCLEAR ENGINEERING,Engineering
2419.0,32802,8116,24686,28588,7642,20946,4214,474,3740,128372,96958,130000,106321,52888,115850,130776,100000,137348,PETROLEUM ENGINEERING,Engineering
2499.0,79522,24816,54706,63432,18082,45350,16090,6734,9356,83038,100000,75635,70881,90599,68916,85000,100000,77503,MISCELLANEOUS ENGINEERING,Engineering
2500.0,47617,10301,37316,37497,6827,30670,10120,3474,6646,70000,80441,66512,52000,64516,44967,74542,96239,74000,ENGINEERING TECHNOLOGIES,Engineering
2501.0,41440,12417,29023,36511,10338,26173,4929,2079,2850,80541,111945,76967,75448,88062,64208,81922,120000,78545,ENGINEERING AND INDUSTRIAL MANAGEMENT,Engineering
2502.0,105691,29722,75969,88509,24265,64244,17182,5457,11725,85000,100000,79000,66833,90823,65000,86836,100000,80000,ELECTRICAL ENGINEERING TECHNOLOGY,Engineering
2503.0,70284,17067,53217,63813,16015,47798,6471,1052,5419,74224,94974,70000,60000,80881,48811,75000,100000,70000,INDUSTRIAL PRODUCTION TECHNOLOGIES,Engineering
2504.0,28400,6235,22165,25387,5916,19471,3013,319,2694,78000,100000,74440,92000,84621,91870,78000,100000,71561,MECHANICAL ENGINEERING RELATED TECHNOLOGIES,Engineering
2599.0,73749,12398,61351,56956,7808,49148,16793,4590,12203,70000,92429,68000,50000,53875,50000,75000,102078,70000,MISCELLANEOUS ENGINEERING TECHNOLOGIES,Engineering
2601.0,116412,53047,63365,31887,13660,18227,84525,39387,45138,57000,65000,50000,57000,65000,49115,57343,65960,50000,LINGUISTICS AND COMPARATIVE LANGUAGE AND LITERATURE,Humanities & Liberal Arts
2602.0,350929,175141,175788,87584,47309,40275,263345,127832,135513,60000,70000,50000,56000,66810,50000,65000,84182,55000,FRENCH GERMAN LATIN AND OTHER COMMON FOREIGN LANGUAGE STUDIES,Humanities & Liberal Arts
2603.0,89690,36256,53434,29842,11872,17970,59848,24384,35464,60000,73961,55000,60000,82054,50000,60844,66000,60000,OTHER FOREIGN LANGUAGES,Humanities & Liberal Arts
2901.0,457564,130788,326776,38453,11162,27291,419111,119626,299485,48000,63000,41628,46497,60000,40000,65000,75000,60000,FAMILY AND CONSUMER SCIENCES,Industrial Arts & Consumer Services
3201.0,8016,1105,6911,4769,594,4175,3247,511,2736,58957,45147,63086,56095,165000,48837,59260,43734,65000,COURT REPORTING,Law & Public Policy
3202.0,74884,26588,48296,29381,11935,17446,45503,14653,30850,55000,63000,50000,50293,58000,50000,60000,76767,55000,PRE-LAW AND LEGAL STUDIES,Law & Public Policy
3301.0,1602180,733137,869043,522530,249287,273243,1079650,483850,595800,60000,70000,50000,55000,67000,50000,65000,77927,56000,ENGLISH LANGUAGE AND LITERATURE,Humanities & Liberal Arts
3302.0,72269,20527,51742,23551,6625,16926,48718,13902,34816,47508,60000,40206,47968,58684,40188,46000,61323,41440,COMPOSITION AND RHETORIC,Humanities & Liberal Arts
3401.0,667516,191149,476367,246350,72242,174108,421166,118907,302259,55000,70000,50000,51000,65000,47000,60000,80000,55000,LIBERAL ARTS,Humanities & Liberal Arts
3402.0,54913,19233,35680,21876,7951,13925,33037,11282,21755,55000,65000,50000,52173,65092,50000,62076,64738,57295,HUMANITIES,Humanities & Liberal Arts
3501.0,34948,20735,14213,2879,2588,291,32069,18147,13922,48000,60000,35826,46942,50000,35904,96932,100000,32500,LIBRARY SCIENCE,Education
3600.0,1640003,913070,726933,801821,494949,306872,838182,418121,420061,74000,96000,52000,65000,82000,50000,85000,110000,58000,BIOLOGY,Biology & Life Science
3601.0,185889,110017,75872,102237,63057,39180,83652,46960,36692,80000,100000,55000,75000,92000,52000,90000,115232,57782,BIOCHEMICAL SCIENCES,Biology & Life Science
3602.0,25370,14126,11244,11587,6445,5142,13783,7681,6102,60000,75440,50000,60000,60000,53049,62962,97917,45372,BOTANY,Biology & Life Science
3603.0,68528,41947,26581,33167,21437,11730,35361,20510,14851,75916,89876,51000,70000,80000,43452,84615,109335,60000,MOLECULAR BIOLOGY,Biology & Life Science
3604.0,59094,19746,39348,25573,8280,17293,33521,11466,22055,55000,78000,48060,50000,59406,44000,60000,92333,50000,ECOLOGY,Biology & Life Science
3605.0,18143,11510,6633,7515,4938,2577,10628,6572,4056,74103,113333,47000,69863,116250,43901,86936,113026,59334,GENETICS,Biology & Life Science
3606.0,119856,69718,50138,54091,33213,20878,65765,36505,29260,82000,90000,68000,77536,85765,64715,90000,100000,69959,MICROBIOLOGY,Biology & Life Science
3607.0,12128,7849,4279,5077,3019,2058,7051,4830,2221,90000,100000,69083,90000,99673,64376,78278,99714,73014,PHARMACOLOGY,Biology & Life Science
3608.0,98822,51458,47364,47600,24213,23387,51222,27245,23977,70000,82000,52000,60000,70000,50000,80000,98343,56360,PHYSIOLOGY,Biology & Life Science
3609.0,121848,79304,42544,73028,53466,19562,48820,25838,22982,80000,117046,45000,60000,80216,44000,100000,148326,48489,ZOOLOGY,Biology & Life Science
3611.0,36488,18699,17789,15265,8352,6913,21223,10347,10876,60109,90698,42229,60000,102536,36583,80000,89327,44427,NEUROSCIENCE,Biology & Life Science
3699.0,59090,30862,28228,32851,15848,17003,26239,15014,11225,60000,65000,55000,56122,70000,41073,61981,65000,60000,MISCELLANEOUS BIOLOGY,Biology & Life Science
3700.0,674304,341982,332322,393569,206127,187442,280735,135855,144880,80000,90000,70000,68000,75000,60000,90000,101000,80000,MATHEMATICS,Computers & Mathematics
3701.0,36149,17707,18442,21555,10573,10982,14594,7134,7460,94875,108000,83657,90000,100000,70000,105000,118000,90000,APPLIED MATHEMATICS,Computers & Mathematics
3702.0,41506,21604,19902,21974,11428,10546,19532,10176,9356,80000,80000,80000,70000,71295,70000,80000,80000,80000,STATISTICS AND DECISION SCIENCE,Computers & Mathematics
3801.0,8346,3874,4472,7745,3874,3871,601,0,601,75196,116260,63232,50224,-1,50224,80725,116260,65880,MILITARY TECHNOLOGIES,Industrial Arts & Consumer Services
4000.0,67887,19744,48143,19852,4694,15158,48035,15050,32985,50000,56000,46000,47587,53418,44993,60000,75000,52000,MULTI/INTERDISCIPLINARY STUDIES,Interdisciplinary
4001.0,93169,35966,57203,34276,14600,19676,58893,21366,37527,58000,72000,48000,52000,61940,45000,67077,90000,55000,INTERCULTURAL AND INTERNATIONAL STUDIES,Humanities & Liberal Arts
4002.0,104600,40503,64097,12851,4533,8318,91749,35970,55779,58000,70000,50000,57830,65122,52000,60230,100000,39175,NUTRITION SCIENCES,Health
4005.0,14354,5770,8584,9403,3844,5559,4951,1926,3025,98287,103101,95000,83107,82000,91144,103902,122864,98352,MATHEMATICS AND COMPUTER SCIENCE,Computers & Mathematics
4006.0,13897,6272,7625,5468,1729,3739,8429,4543,3886,61483,90000,50000,52000,75552,30000,79044,100000,61070,COGNITIVE SCIENCE AND BIOPSYCHOLOGY,Biology & Life Science
4007.0,81543,32516,49027,27430,11570,15860,54113,20946,33167,57000,62000,50000,50713,54000,48771,72423,78810,60000,INTERDISCIPLINARY SOCIAL SCIENCES,Social Science
4101.0,496574,134290,362284,267605,64734,202871,228969,69556,159413,50000,65000,45000,50000,65000,41939,50000,68000,47000,PHYSICAL FITNESS PARKS RECREATION AND LEISURE,Industrial Arts & Consumer Services
4801.0,379819,207256,172563,255670,142043,113627,124149,65213,58936,60000,70000,48000,55000,74000,38389,60000,70000,53000,PHILOSOPHY AND RELIGIOUS STUDIES,Humanities & Liberal Arts
4901.0,315232,134513,180719,222636,103635,119001,92596,30878,61718,45000,50000,42000,38500,50000,35000,46029,50000,45000,THEOLOGY AND RELIGIOUS VOCATIONS,Humanities & Liberal Arts
5000.0,10667,5933,4734,7674,4050,3624,2993,1883,1110,85000,85000,79813,78000,80379,60842,100000,110000,100000,PHYSICAL SCIENCES,Physical Sciences
5001.0,9845,5407,4438,7988,5133,2855,1857,274,1583,85632,117954,40233,37496,88440,34699,108207,119506,45000,ASTRONOMY AND ASTROPHYSICS,Physical Sciences
5002.0,25732,11031,14701,19606,7984,11622,6126,3047,3079,72000,77089,70775,69038,83115,42906,75000,75000,72680,ATMOSPHERIC SCIENCES AND METEOROLOGY,Physical Sciences
5003.0,611309,371276,240033,386617,250265,136352,224692,121011,103681,85000,100000,60000,68067,84159,52000,98000,114000,70000,CHEMISTRY,Physical Sciences
5004.0,184816,81672,103144,131670,56986,74684,53146,24686,28460,71000,87388,62000,60000,66824,50000,76046,98048,65762,GEOLOGY AND EARTH SCIENCE,Physical Sciences
5005.0,15266,8789,6477,11612,7254,4358,3654,1535,2119,96277,116747,69145,84364,103041,45463,100000,119790,75751,GEOSCIENCES,Physical Sciences
5006.0,13430,5034,8396,8149,2881,5268,5281,2153,3128,70000,99134,60000,63375,99353,39957,70300,96160,60655,OCEANOGRAPHY,Physical Sciences
5007.0,288786,192108,96678,243448,162870,80578,45338,29238,16100,100000,105544,77000,70000,86492,60000,100000,110000,87879,PHYSICS,Physical Sciences
5008.0,22325,13434,8891,14846,9905,4941,7479,3529,3950,88198,118470,60000,72530,129620,36887,106863,115269,75650,MATERIALS SCIENCE,Engineering
5098.0,467135,165983,301152,240075,96306,143769,227060,69677,157383,65000,85000,60000,60000,70000,54000,75000,100000,65000,MULTI-DISCIPLINARY OR GENERAL SCIENCE,Physical Sciences
5102.0,10126,2977,7149,5044,1836,3208,5082,1141,3941,71557,94414,65000,56186,91352,45000,85000,96820,75023,"NUCLEAR, INDUSTRIAL RADIOLOGY, AND BIOLOGICAL TECHNOLOGIES",Physical Sciences
5200.0,2328572,1046259,1282313,702702,319899,382803,1625870,726360,899510,55000,68000,47000,52000,62000,45000,65000,80000,55000,PSYCHOLOGY,Psychology & Social Work
5201.0,27432,19034,8398,5518,3562,1956,21914,15472,6442,60000,65000,40000,60000,65000,33419,62000,65703,40000,EDUCATIONAL PSYCHOLOGY,Psychology & Social Work
5202.0,23251,16565,6686,6686,4923,1763,16565,11642,4923,50000,56000,39869,50000,55000,38673,50000,60903,41184,CLINICAL PSYCHOLOGY,Psychology & Social Work
5203.0,65868,52601,13267,13507,10868,2639,52361,41733,10628,50000,50656,40000,47459,50000,40000,57086,60000,43636,COUNSELING PSYCHOLOGY,Psychology & Social Work
5205.0,24686,10665,14021,11223,4621,6602,13463,6044,7419,72016,85000,62900,64547,73719,52821,89928,115436,74273,INDUSTRIAL AND ORGANIZATIONAL PSYCHOLOGY,Psychology & Social Work
5206.0,16004,5887,10117,5441,1976,3465,10563,3911,6652,47478,57079,40046,43000,48000,38785,75380,91395,53038,SOCIAL PSYCHOLOGY,Psychology & Social Work
5299.0,57882,30012,27870,16878,11253,5625,41004,18759,22245,60000,85000,42000,49927,61734,40000,100000,116038,50000,MISCELLANEOUS PSYCHOLOGY,Psychology & Social Work
5301.0,872432,182280,690152,532513,109648,422865,339919,72632,267287,54000,67000,50000,46000,55000,44332,60000,80000,57885,CRIMINAL JUSTICE AND FIRE PROTECTION,Law & Public Policy
5401.0,81062,38288,42774,43911,20155,23756,37151,18133,19018,67000,69000,65097,60000,63976,57838,75000,74631,75000,PUBLIC ADMINISTRATION,Law & Public Policy
5402.0,30394,16362,14032,13670,6548,7122,16724,9814,6910,81517,84503,80000,72186,80000,55000,90000,90197,90000,PUBLIC POLICY,Law & Public Policy
5403.0,99234,26931,72303,19333,5374,13959,79901,21557,58344,45000,53916,40000,42820,50000,40000,50509,80000,45000,HUMAN SERVICES AND COMMUNITY ORGANIZATION,Psychology & Social Work
5404.0,473547,214974,258573,72194,37585,34609,401353,177389,223964,49000,58109,40000,48000,57000,40000,52000,64000,42230,SOCIAL WORK,Psychology & Social Work
5500.0,163135,55416,107719,69169,24993,44176,93966,30423,63543,56000,70000,50000,50798,63000,46019,63702,79095,58000,GENERAL SOCIAL SCIENCES,Social Science
5501.0,1074034,445962,628072,727107,299036,428071,346927,146926,200001,86000,107770,75000,76000,90000,65000,95000,119000,80000,ECONOMICS,Social Science
5502.0,241346,100923,140423,85280,36699,48581,156066,64224,91842,53000,64090,45000,51000,60000,45000,58178,78000,45000,ANTHROPOLOGY AND ARCHEOLOGY,Humanities & Liberal Arts
5503.0,90939,20098,70841,50213,10287,39926,40726,9811,30915,52000,68601,50000,48000,64283,43817,60000,70094,56000,CRIMINOLOGY,Social Science
5504.0,146876,51267,95609,92372,29576,62796,54504,21691,32813,65000,72000,60000,60000,65000,55000,70000,80000,61874,GEOGRAPHY,Social Science
5505.0,136180,70426,65754,61152,32675,28477,75028,37751,37277,80000,90000,70000,70000,80000,59338,87718,102642,80000,INTERNATIONAL RELATIONS,Social Science
5506.0,1165040,568191,596849,699621,351056,348565,465419,217135,248284,75000,91000,60373,65000,78000,53000,84000,100000,70000,POLITICAL SCIENCE AND GOVERNMENT,Social Science
5507.0,833006,294617,538389,282090,99329,182761,550916,195288,355628,55000,67000,50000,52000,63000,47945,63000,76000,60000,SOCIOLOGY,Social Science
5599.0,23517,13051,10466,10509,5839,4670,13008,7212,5796,72364,85000,57083,72000,77422,65000,80373,104569,55837,MISCELLANEOUS SOCIAL SCIENCES,Social Science
5601.0,84298,10019,74279,74860,8378,66482,9438,1641,7797,73327,84356,72000,65263,61491,66383,75000,93627,75000,CONSTRUCTION SERVICES,Industrial Arts & Consumer Services
5701.0,19061,3123,15938,17778,2543,15235,1283,580,703,56178,94735,51686,14424,123360,0,56817,91774,55100,"ELECTRICAL, MECHANICAL, AND PRECISION TECHNOLOGIES AND PRODUCTION",Industrial Arts & Consumer Services
5901.0,137935,29311,108624,121401,25956,95445,16534,3355,13179,79000,90000,72000,67905,86000,63962,80000,90000,75000,TRANSPORTATION SCIENCES AND TECHNOLOGIES,Industrial Arts & Consumer Services
6000.0,631370,156716,474654,228156,56083,172073,403214,100633,302581,50000,60000,48000,48000,56000,45000,52000,67141,50000,FINE ARTS,Arts
6001.0,224644,58071,166573,93022,22770,70252,131622,35301,96321,50000,60000,45000,48000,60000,44417,51844,60000,50000,DRAMA AND THEATER ARTS,Arts
6002.0,429940,181658,248282,207219,84042,123177,222721,97616,125105,50000,60000,45000,50000,58000,45000,50000,60000,45000,MUSIC,Arts
6003.0,65045,15774,49271,14871,3470,11401,50174,12304,37870,45000,55198,40000,40000,60000,39434,53374,53350,54474,VISUAL AND PERFORMING ARTS,Arts
6004.0,505084,55824,449260,172460,20385,152075,332624,35439,297185,52000,67075,50000,50000,62000,47000,60000,70000,58208,COMMERCIAL ART AND GRAPHIC DESIGN,Arts
6005.0,154971,23395,131576,92860,12671,80189,62111,10724,51387,50000,60000,47000,45262,53403,44366,51000,68400,50000,FILM VIDEO AND PHOTOGRAPHIC ARTS,Arts
6006.0,124651,48605,76046,21380,9478,11902,103271,39127,64144,54000,60000,50000,52000,60000,46000,63069,72574,60000,ART HISTORY AND CRITICISM,Humanities & Liberal Arts
6007.0,88714,24873,63841,31520,8110,23410,57194,16763,40431,45000,53375,40000,40100,45000,38000,53743,70000,48000,STUDIO ARTS,Arts
6099.0,12245,1983,10262,8099,785,7314,4146,1198,2948,41000,41190,40784,40630,31854,40450,45257,112363,41210,MISCELLANEOUS FINE ARTS,Arts
6100.0,170652,63680,106972,49018,19966,29052,121634,43714,77920,60000,80000,48000,57000,73000,45712,67709,100000,50000,GENERAL MEDICAL AND HEALTH SERVICES,Health
6102.0,217891,151896,65995,12330,8343,3987,205561,143553,62008,60000,67000,40000,60000,67000,40000,72342,77414,66714,COMMUNICATION DISORDERS SCIENCES AND SERVICES,Health
6103.0,160390,44703,115687,44473,16792,27681,115917,27911,88006,56000,80000,50000,50000,76666,44155,73000,93000,65000,HEALTH AND MEDICAL ADMINISTRATIVE SERVICES,Health
6104.0,70106,18821,51285,11014,4964,6050,59092,13857,45235,67000,100000,57133,65000,93457,55905,72609,106587,60000,MEDICAL ASSISTING SERVICES,Health
6105.0,164889,37396,127493,43633,12755,30878,121256,24641,96615,65000,85000,60000,62000,85000,59437,70000,85094,65000,MEDICAL TECHNOLOGIES TECHNICIANS,Health
6106.0,104006,78934,25072,64150,52706,11444,39856,26228,13628,95000,120000,54875,75428,82421,69103,120000,150000,49938,HEALTH AND MEDICAL PREPARATORY PROGRAMS,Health
6107.0,2088995,520300,1568695,196376,53804,142572,1892619,466496,1426123,72000,95000,66000,70000,90000,65000,80000,120000,70000,NURSING,Health
6108.0,277361,145715,131646,131131,68614,62517,146230,77101,69129,115000,116000,115000,110000,110000,105000,120000,123000,120000,PHARMACY PHARMACEUTICAL SCIENCES AND ADMINISTRATION,Health
6109.0,350479,144895,205584,90915,36211,54704,259564,108684,150880,70000,74000,65000,69000,70000,65000,75000,85000,67604,TREATMENT THERAPY PROFESSIONS,Health
6110.0,111279,42897,68382,30720,12166,18554,80559,30731,49828,53000,70000,47977,48000,60000,42827,73681,100000,60000,COMMUNITY AND PUBLIC HEALTH,Health
6199.0,104453,46213,58240,19019,9566,9453,85434,36647,48787,50120,57000,48000,50000,58000,47765,58000,55400,58000,MISCELLANEOUS HEALTH MEDICAL PROFESSIONS,Health
6200.0,2292424,530583,1761841,1363290,322404,1040886,929134,208179,720955,69000,89000,63000,60000,70000,55000,75000,100000,70000,GENERAL BUSINESS,Business
6201.0,1893689,507107,1386582,962624,280161,682463,931065,226946,704119,71000,85000,66000,65000,79000,60000,80000,97848,75000,ACCOUNTING,Business
6202.0,12846,2931,9915,8636,1925,6711,4210,1006,3204,80079,133620,74139,79848,110555,78536,89610,146747,69713,ACTUARIAL SCIENCE,Business
6203.0,3020323,676753,2343570,1720263,391153,1329110,1300060,285600,1014460,65000,80000,62000,58000,70000,54000,75000,92000,70000,BUSINESS MANAGEMENT AND ADMINISTRATION,Business
6204.0,74651,16249,58402,52889,10368,42521,21762,5881,15881,70000,93985,65000,67000,80546,65000,71451,100000,65000,OPERATIONS LOGISTICS AND E-COMMERCE,Business
6205.0,89011,25837,63174,59497,17529,41968,29514,8308,21206,78000,100000,73000,70000,83293,66218,82407,102216,76698,BUSINESS ECONOMICS,Business
6206.0,1022086,165460,856626,466046,78220,387826,556040,87240,468800,65000,80000,62000,58000,70000,55000,75000,90000,73000,MARKETING AND MARKETING RESEARCH,Business
6207.0,923573,268181,655392,609455,180064,429391,314118,88117,226001,80000,100000,75000,70000,90000,65000,88000,105000,80000,FINANCE,Business
6209.0,204751,65233,139518,71967,25545,46422,132784,39688,93096,65000,82157,56528,57000,72402,53000,80000,99868,68000,HUMAN RESOURCES AND PERSONNEL MANAGEMENT,Business
6210.0,122778,34035,88743,55101,13381,41720,67677,20654,47023,62000,80584,59000,58000,75000,55000,70000,99013,62000,INTERNATIONAL BUSINESS,Business
6211.0,205850,26475,179375,78123,8319,69804,127727,18156,109571,50000,60000,50000,47000,60000,45000,52000,60000,51000,HOSPITALITY MANAGEMENT,Business
6212.0,185167,42467,142700,122457,26712,95745,62710,15755,46955,85000,95110,80000,78000,90000,73000,89000,100000,83428,MANAGEMENT INFORMATION SYSTEMS AND STATISTICS,Business
6299.0,112009,20800,91209,60446,13383,47063,51563,7417,44146,65000,75000,62000,50000,60248,50000,71878,90000,70000,MISCELLANEOUS BUSINESS & MEDICAL ADMINISTRATION,Business
6402.0,1110188,538123,572065,669233,323785,345448,440955,214338,226617,63115,76224,52000,55000,65000,46803,70000,85000,58000,HISTORY,Humanities & Liberal Arts
6403.0,27626,14782,12844,17406,8641,8765,10220,6141,4079,58104,72156,50000,50000,59236,45348,65648,76716,60000,UNITED STATES HISTORY,Humanities & Liberal Arts
