FOD1P,total,total_grad,total_no_grad,total_men,total_grad_men,total_no_grad_men,total_women,total_grad_women,total_no_grad_women,overall_median,overall_grad_median,overall_no_grad_median,women_median,women_grad_median,women_no_grad_median,men_median,men_grad_median,men_no_grad_median,Major,Major_Category
1100.0,170505,45377,125128,127986,33228,94758,42519,12149,30370,50000,65000,47000,47764,64053,42024,50000,65000,48898,GENERAL AGRICULTURE,Agriculture & Natural Resources
1101.0,136837,17494,119343,101389,11632,89757,35448,5862,29586,58000,70646,55000,45000,50000,42000,62000,80000,60000,AGRICULTURE PRODUCTION AND MANAGEMENT,Agriculture & Natural Resources
1102.0,54801,15503,39298,43255,12661,30594,11546,2842,8704,70000,104243,62142,72521,100000,67847,70000,105000,60000,AGRICULTURAL ECONOMICS,Agriculture & Natural Resources
1103.0,204562,75683,128879,92100,37913,54187,112462,37770,74692,58000,82000,44600,50000,80000,39000,68000,84325,55000,ANIMAL SCIENCES,Agriculture & Natural Resources
1104.0,58607,22855,35752,21955,8528,13427,36652,14327,22325,65000,82000,55031,62000,80000,50000,71000,90037,62126,FOOD SCIENCE,Agriculture & Natural Resources
1105.0,133109,37552,95557,96139,26300,69839,36970,11252,25718,58000,70000,54000,45000,56000,42000,60000,74332,58000,PLANT SCIENCE AND AGRONOMY,Agriculture & Natural Resources
1106.0,7955,3820,4135,5249,2404,2845,2706,1416,1290,56123,69086,54402,44280,55944,26738,64222,71466,63272,SOIL SCIENCE,Agriculture & Natural Resources
1199.0,23919,10815,13104,12104,5418,6686,11815,5397,6418,52000,69441,50000,48746,52901,46187,58136,70146,54000,MISCELLANEOUS AGRICULTURE,Agriculture & Natural Resources
1301.0,239816,67775,172041,118315,28217,90098,121501,39558,81943,60000,75000,54000,53000,65000,46000,65000,85823,60000,ENVIRONMENTAL SCIENCE,Biology & Life Science
1302.0,101285,25337,75948,85914,20694,65220,15371,4643,10728,67000,76000,62727,58000,76712,50000,70000,76028,65000,FORESTRY,Agriculture & Natural Resources
1303.0,157029,45865,111164,99859,28853,71006,57170,17012,40158,55000,70000,50000,50000,64436,43017,60000,75000,54000,NATURAL RESOURCES MANAGEMENT,Agriculture & Natural Resources
1401.0,542350,217618,324732,352335,138494,213841,190015,79124,110891,72000,75000,70000,64000,70000,58000,75000,80000,75000,ARCHITECTURE,Engineering
1501.0,234553,102415,132138,78429,35180,43249,156124,67235,88889,65000,78000,55223,63363,75121,52000,69085,88281,60000,AREA ETHNIC AND CIVILIZATION STUDIES,Humanities & Liberal Arts
1901.0,1649455,373156,1276299,632066,129683,502383,1017389,243473,773916,60000,72000,58000,58000,69000,55000,66000,80000,62000,COMMUNICATIONS,Communications & Journalism
1902.0,636227,161358,474869,244347,58771,185576,391880,102587,289293,61000,75000,58000,60000,70000,55000,68000,85000,61124,JOURNALISM,Communications & Journalism
1903.0,373597,67420,306177,188835,28732,160103,184762,38688,146074,54000,63025,51000,52000,60000,50000,55000,70582,52000,MASS MEDIA,Communications & Journalism
1904.0,290046,51863,238183,98328,19959,78369,191718,31904,159814,60000,68000,60000,58000,65000,56000,72000,90000,70000,ADVERTISING AND PUBLIC RELATIONS,Communications & Journalism
2001.0,109158,13335,95823,70293,7667,62626,38865,5668,33197,57000,67371,55000,50000,60388,48306,60000,74571,59944,COMMUNICATION TECHNOLOGIES,Computers & Mathematics
2100.0,549329,143631,405698,377938,94235,283703,171391,49396,121995,80000,95000,75000,72762,80285,70000,81000,100000,75000,COMPUTER AND INFORMATION SYSTEMS,Computers & Mathematics
2101.0,44768,7970,36798,32095,5604,26491,12673,2366,10307,75000,77901,74000,55725,71288,54000,77093,90000,75000,COMPUTER PROGRAMMING AND DATA PROCESSING,Computers & Mathematics
2102.0,1595306,510513,1084793,1173096,364411,808685,422210,146102,276108,100000,115000,90000,87000,100000,76000,100000,120000,95000,COMPUTER SCIENCE,Computers & Mathematics
2105.0,150677,42220,108457,104936,28798,76138,45741,13422,32319,89000,102000,81000,80000,101947,74721,91129,101514,85000,INFORMATION SCIENCES,Computers & Mathematics
2106.0,98999,20846,78153,73892,14779,59113,25107,6067,19040,70000,95000,65000,73000,96535,65000,70000,91139,65000,COMPUTER ADMINISTRATION MANAGEMENT AND SECURITY,Computers & Mathematics
2107.0,81250,16304,64946,58342,11014,47328,22908,5290,17618,72293,95518,65000,57256,77216,53761,75497,97210,73878,COMPUTER NETWORKING AND TELECOMMUNICATIONS,Computers & Mathematics
2201.0,74776,8290,66486,41079,3364,37715,33697,4926,28771,45000,49870,45000,32558,47625,30232,50000,60000,50000,COSMETOLOGY SERVICES AND CULINARY ARTS,Industrial Arts & Consumer Services
2300.0,3042037,1435697,1606340,714208,360943,353265,2327829,1074754,1253075,52000,60000,45000,50000,60000,43000,60000,70000,50000,GENERAL EDUCATION,Education
2301.0,64104,59733,4371,27354,26042,1312,36750,33691,3059,66434,70000,50000,60229,65000,58172,75000,80000,50000,EDUCATIONAL ADMINISTRATION AND SUPERVISION,Education
2303.0,28930,26075,2855,5329,5329,0,23601,20746,2855,55690,60000,20617,50000,55000,20617,74526,74526,-1,SCHOOL STUDENT COUNSELING,Education
2304.0,2513308,1152561,1360747,243561,129019,114542,2269747,1023542,1246205,50000,60000,43000,50000,60000,42000,56000,70000,46523,ELEMENTARY EDUCATION,Education
2305.0,164836,88166,76670,63020,38150,24870,101816,50016,51800,58000,65762,46000,55000,65000,46000,60288,70000,46319,MATHEMATICS TEACHER EDUCATION,Education
2306.0,467321,206547,260774,243628,106241,137387,223693,100306,123387,57000,65000,50000,56000,64000,50000,59000,70000,52000,PHYSICAL AND HEALTH EDUCATION TEACHING,Education
2307.0,321168,116835,204333,9165,3540,5625,312003,113295,198708,44000,55000,38500,44000,54000,38982,48279,70524,32276,EARLY CHILDHOOD EDUCATION,Education
2308.0,132101,76931,55170,63393,40513,22880,68708,36418,32290,58848,68000,45000,57000,65000,45000,60000,70000,46492,SCIENCE AND COMPUTER TEACHER EDUCATION,Education
2309.0,397246,208766,188480,179715,99518,80197,217531,109248,108283,55000,64000,48000,51004,58000,43619,60610,70000,53375,SECONDARY TEACHER EDUCATION,Education
2310.0,398155,237376,160779,45931,29883,16048,352224,207493,144731,54000,60000,45000,53000,60000,45000,60000,62000,47768,SPECIAL NEEDS EDUCATION,Education
2311.0,245873,127071,118802,128465,69786,58679,117408,57285,60123,56000,65000,49000,51930,60000,45000,60000,70000,52000,SOCIAL SCIENCE OR HISTORY TEACHER EDUCATION,Education
2312.0,172617,83931,88686,38335,20717,17618,134282,63214,71068,50000,55000,41000,47372,52000,40000,58000,63398,50000,TEACHER EDUCATION: MULTIPLE LEVELS,Education
2313.0,392251,214114,178137,62827,36379,26448,329424,177735,151689,53000,62000,45000,52000,60000,45000,60000,68000,50000,LANGUAGE AND DRAMA EDUCATION,Education
2314.0,438949,206168,232781,150733,81964,68769,288216,124204,164012,50000,60000,45000,50000,59000,43000,55000,65000,48000,ART AND MUSIC EDUCATION,Education
2399.0,382269,171287,210982,169895,79060,90835,212374,92227,120147,60000,68000,56000,54000,62000,47483,70000,71000,68000,MISCELLANEOUS EDUCATION,Education
2400.0,902552,321650,580902,750993,271280,479713,151559,50370,101189,85000,100000,78000,75679,90000,69944,87000,103000,80000,GENERAL ENGINEERING,Engineering
2401.0,155632,74741,80891,138815,65208,73607,16817,9533,7284,103000,120000,90000,100021,120036,85000,103375,120000,90000,AEROSPACE ENGINEERING,Engineering
2402.0,73025,30030,42995,53117,20826,32291,19908,9204,10704,79214,86678,72000,62000,69964,50000,81586,95000,77609,BIOLOGICAL ENGINEERING,Engineering
2403.0,30717,10716,20001,23162,6752,16410,7555,3964,3591,89981,83888,95000,69311,69615,62186,100000,100000,100000,ARCHITECTURAL ENGINEERING,Engineering
2404.0,77931,41485,36446,45011,24577,20434,32920,16908,16012,85000,100000,73000,75000,80000,69968,92265,107273,80000,BIOMEDICAL ENGINEERING,Engineering
2405.0,434490,205419,229071,316975,150592,166383,117515,54827,62688,101858,117839,93000,90000,100000,80000,110000,120000,98345,CHEMICAL ENGINEERING,Engineering
2406.0,685726,258035,427691,572259,212890,359369,113467,45145,68322,90000,100000,84000,77000,89295,70000,93000,102000,86000,CIVIL ENGINEERING,Engineering
2407.0,425976,157857,268119,337893,123274,214619,88083,34583,53500,100000,120000,90000,85000,100000,78000,102000,122781,95000,COMPUTER ENGINEERING,Engineering
2408.0,1445817,650142,795675,1247907,556179,691728,197910,93963,103947,108000,124000,98000,100000,103395,90000,110000,127000,100000,ELECTRICAL ENGINEERING,Engineering
2409.0,47205,28381,18824,40328,23992,16336,6877,4389,2488,100000,120000,86716,89335,91060,89216,102907,125000,84514,ENGINEERING MECHANICS PHYSICS AND SCIENCE,Engineering
2410.0,44736,18840,25896,24987,9065,15922,19749,9775,9974,79641,84000,72000,67651,67907,65553,85000,97721,80000,ENVIRONMENTAL ENGINEERING,Engineering
2411.0,10550,4548,6002,8298,3728,4570,2252,820,1432,81854,84669,80779,57756,86339,46629,91542,85207,106392,GEOLOGICAL AND GEOPHYSICAL ENGINEERING,Engineering
2412.0,298889,119007,179882,223846,88919,134927,75043,30088,44955,92000,107290,83000,82000,95000,75000,97000,115000,85414,INDUSTRIAL AND MANUFACTURING ENGINEERING,Engineering
2413.0,46261,22015,24246,35712,16100,19612,10549,5915,4634,99757,113275,80000,86346,92519,80000,100000,118000,80000,MATERIALS ENGINEERING AND MATERIALS SCIENCE,Engineering
2414.0,1201765,471500,730265,1088889,423372,665517,112876,48128,64748,100000,115000,89000,90000,100000,79000,100000,115000,90000,MECHANICAL ENGINEERING,Engineering
2415.0,25738,13583,12155,22410,12388,10022,3328,1195,2133,110000,110976,103005,112772,137219,90140,107575,110000,104977,METALLURGICAL ENGINEERING,Engineering
2416.0,21701,8596,13105,19287,7768,11519,2414,828,1586,90000,114521,78795,47172,78818,56264,90000,115000,88000,MINING AND MINERAL ENGINEERING,Engineering
2417.0,28964,10179,18785,27623,9835,17788,1341,344,997,102949,132869,84000,91636,107120,78320,103000,134244,84000,NAVAL ARCHITECTURE AND MARINE ENGINEERING,Engineering
2418.0,26179,13875,12304,23169,12610,10559,3010,1265,1745,110000,125000,86655,90000,105619,66696,110000,128543,92808,NUCLEAR ENGINEERING,Engineering
2419.0,37549,7874,29675,31460,6540,24920,6089,1334,4755,111847,124197,110000,78494,20049,79015,128913,167790,125646,PETROLEUM ENGINEERING,Engineering
2499.0,111230,37239,73991,85739,28459,57280,25491,8780,16711,88326,100000,80000,70000,75000,62825,92000,110000,85000,MISCELLANEOUS ENGINEERING,Engineering
2500.0,69429,16263,53166,51758,12468,39290,17671,3795,13876,75864,91058,72000,70000,95184,68754,80000,90000,75000,ENGINEERING TECHNOLOGIES,Engineering
2501.0,71400,22778,48622,59025,19318,39707,12375,3460,8915,92000,125000,78000,79405,97769,68070,100000,140000,80000,ENGINEERING AND INDUSTRIAL MANAGEMENT,Engineering
2502.0,162850,43548,119302,129504,32872,96632,33346,10676,22670,85000,100000,80000,80000,94621,75000,86000,100000,82000,ELECTRICAL ENGINEERING TECHNOLOGY,Engineering
2503.0,105435,25320,80115,96268,22154,74114,9167,3166,6001,82000,100000,80000,84243,85925,80000,82000,102246,80000,INDUSTRIAL PRODUCTION TECHNOLOGIES,Engineering
2504.0,49815,9611,40204,46735,8566,38169,3080,1045,2035,80000,94275,80000,72941,77978,74068,80000,95496,80000,MECHANICAL ENGINEERING RELATED TECHNOLOGIES,Engineering
2599.0,100618,21157,79461,77402,15789,61613,23216,5368,17848,80000,87707,74000,55000,83067,50000,84000,88123,80000,MISCELLANEOUS ENGINEERING TECHNOLOGIES,Engineering
2601.0,163579,72735,90844,46387,22938,23449,117192,49797,67395,60000,75000,50487,60000,70000,49137,69282,82000,56834,LINGUISTICS AND COMPARATIVE LANGUAGE AND LITERATURE,Humanities & Liberal Arts
2602.0,516704,267677,249027,124017,70044,53973,392687,197633,195054,62000,72000,50000,60000,70000,50000,70000,80000,58774,FRENCH GERMAN LATIN AND OTHER COMMON FOREIGN LANGUAGE STUDIES,Humanities & Liberal Arts
2603.0,126656,60091,66565,47508,22917,24591,79148,37174,41974,63000,75000,52000,60000,65000,54421,69550,85000,52000,OTHER FOREIGN LANGUAGES,Humanities & Liberal Arts
2901.0,661544,196678,464866,49524,13699,35825,612020,182979,429041,50000,60967,45000,49000,60000,43000,67754,90000,60000,FAMILY AND CONSUMER SCIENCES,Industrial Arts & Consumer Services
3201.0,8278,652,7626,6012,353,5659,2266,299,1967,51647,65066,50567,48943,59317,48263,63481,119936,60392,COURT REPORTING,Law & Public Policy
3202.0,118580,34557,84023,37019,15519,21500,81561,19038,62523,60000,80000,54000,55000,70000,51830,75000,100000,60000,PRE-LAW AND LEGAL STUDIES,Law & Public Policy
3301.0,2253101,1039367,1213734,742124,348167,393957,1510977,691200,819777,62000,71000,55000,60000,67000,50000,70000,82000,60000,ENGLISH LANGUAGE AND LITERATURE,Humanities & Liberal Arts
3302.0,112939,35518,77421,43898,11933,31965,69041,23585,45456,50000,59092,48000,49000,58115,45000,55000,60000,50221,COMPOSITION AND RHETORIC,Humanities & Liberal Arts
3401.0,943699,260260,683439,376447,101946,274501,567252,158314,408938,59000,75513,52000,53000,70000,48000,64000,89000,60000,LIBERAL ARTS,Humanities & Liberal Arts
3402.0,93266,35965,57301,35179,13377,21802,58087,22588,35499,57291,74717,47798,50000,67061,44730,69822,102887,60000,HUMANITIES,Humanities & Liberal Arts
3501.0,50558,33691,16867,5967,4379,1588,44591,29312,15279,55000,66578,36269,54766,64576,35871,65196,82709,38409,LIBRARY SCIENCE,Education
3600.0,2485152,1397523,1087629,1194016,724702,469314,1291136,672821,618315,77000,100000,52000,67000,90000,50000,90000,120000,60000,BIOLOGY,Biology & Life Science
3601.0,278989,183266,95723,146279,97525,48754,132710,85741,46969,80000,100000,55000,75000,95369,50000,90000,101922,61000,BIOCHEMICAL SCIENCES,Biology & Life Science
3602.0,36130,20789,15341,18344,10189,8155,17786,10600,7186,70000,82000,50000,55907,64733,50000,80679,103000,77030,BOTANY,Biology & Life Science
3603.0,103972,68151,35821,49659,33995,15664,54313,34156,20157,85000,100000,60000,79909,99307,48000,90000,100744,70000,MOLECULAR BIOLOGY,Biology & Life Science
3604.0,97839,33485,64354,44357,15831,28526,53482,17654,35828,51000,75350,45000,49000,70000,40411,60000,84563,48906,ECOLOGY,Biology & Life Science
3605.0,26199,16390,9809,12276,7805,4471,13923,8585,5338,84248,92584,60839,75578,79006,65040,90000,98145,59985,GENETICS,Biology & Life Science
3606.0,177054,101329,75725,78163,49304,28859,98891,52025,46866,82000,100000,69000,78000,90000,70000,90000,115000,65395,MICROBIOLOGY,Biology & Life Science
3607.0,17290,10758,6532,8214,5140,3074,9076,5618,3458,118042,120000,64705,120000,120000,62392,105790,112627,86317,PHARMACOLOGY,Biology & Life Science
3608.0,147830,80684,67146,67110,39831,27279,80720,40853,39867,70000,85000,50000,65000,75892,49297,80000,94625,55000,PHYSIOLOGY,Biology & Life Science
3609.0,175677,110465,65212,98706,68954,29752,76971,41511,35460,85000,110000,50000,60000,84541,40000,105000,140110,60417,ZOOLOGY,Biology & Life Science
3611.0,62872,31877,30995,25120,12640,12480,37752,19237,18515,62558,75880,42155,56762,70000,40000,73369,90355,54838,NEUROSCIENCE,Biology & Life Science
3699.0,95249,49083,46166,45352,22919,22433,49897,26164,23733,60000,67869,55214,56000,62008,50000,68000,75000,65000,MISCELLANEOUS BIOLOGY,Biology & Life Science
3700.0,1027676,510333,517343,616109,317175,298934,411567,193158,218409,80000,95000,70000,70000,80000,60000,90000,100000,75000,MATHEMATICS,Computers & Mathematics
3701.0,50347,23242,27105,31516,15109,16407,18831,8133,10698,100000,125273,75000,80000,97708,63422,120000,137580,90000,APPLIED MATHEMATICS,Computers & Mathematics
3702.0,73694,37342,36352,42758,23498,19260,30936,13844,17092,80420,97000,70000,80000,96912,68000,83000,98000,70000,STATISTICS AND DECISION SCIENCE,Computers & Mathematics
3801.0,10989,6661,4328,10514,6517,3997,475,144,331,87281,103854,38412,9500,9500,-1,87764,105720,38412,MILITARY TECHNOLOGIES,Industrial Arts & Consumer Services
4000.0,113221,33426,79795,37976,11094,26882,75245,22332,52913,52000,63000,49000,50000,58000,45000,65000,80827,60000,MULTI/INTERDISCIPLINARY STUDIES,Interdisciplinary
4001.0,135467,59232,76235,49969,19948,30021,85498,39284,46214,60000,74000,51000,58000,70000,50000,65000,84574,57000,INTERCULTURAL AND INTERNATIONAL STUDIES,Humanities & Liberal Arts
4002.0,156412,63643,92769,18590,8081,10509,137822,55562,82260,60000,69000,50000,59000,68693,52000,60000,86311,45000,NUTRITION SCIENCES,Health
4005.0,21481,10481,11000,14662,7732,6930,6819,2749,4070,100000,106521,95637,100000,132160,95472,100000,103932,95280,MATHEMATICS AND COMPUTER SCIENCE,Computers & Mathematics
4006.0,22336,10563,11773,10833,4024,6809,11503,6539,4964,85938,93768,72240,65267,74388,49790,109597,139296,97448,COGNITIVE SCIENCE AND BIOPSYCHOLOGY,Biology & Life Science
4007.0,127488,47467,80021,39713,14308,25405,87775,33159,54616,57315,70000,50000,53000,65000,47755,62181,82000,55000,INTERDISCIPLINARY SOCIAL SCIENCES,Social Science
4101.0,800790,236202,564588,416439,111430,305009,384351,124772,259579,53000,67000,48000,50000,63000,43515,55000,70000,50000,PHYSICAL FITNESS PARKS RECREATION AND LEISURE,Industrial Arts & Consumer Services
4801.0,507255,284252,223003,348929,201181,147748,158326,83071,75255,66000,74000,55499,63000,70000,55000,68000,75471,56752,PHILOSOPHY AND RELIGIOUS STUDIES,Humanities & Liberal Arts
4901.0,485772,208847,276925,342985,159183,183802,142787,49664,93123,48000,54000,45000,42000,50000,37245,50000,55000,45000,THEOLOGY AND RELIGIOUS VOCATIONS,Humanities & Liberal Arts
5000.0,16872,6774,10098,13913,5978,7935,2959,796,2163,75000,85000,70868,47648,69380,34625,80000,85000,73200,PHYSICAL SCIENCES,Physical Sciences
5001.0,14794,8915,5879,10904,6408,4496,3890,2507,1383,83000,85000,76775,63878,68030,38197,83000,92552,79877,ASTRONOMY AND ASTROPHYSICS,Physical Sciences
5002.0,32253,16074,16179,23174,10961,12213,9079,5113,3966,74883,86321,65000,65658,75373,60000,80000,91212,71377,ATMOSPHERIC SCIENCES AND METEOROLOGY,Physical Sciences
5003.0,863929,529594,334335,538114,351714,186400,325815,177880,147935,90000,110000,60000,74000,90000,55497,100000,120000,65000,CHEMISTRY,Physical Sciences
5004.0,239135,109722,129413,170124,77542,92582,69011,32180,36831,70000,90000,61000,60000,70000,50000,75000,100000,65000,GEOLOGY AND EARTH SCIENCE,Physical Sciences
5005.0,23379,13236,10143,17363,9423,7940,6016,3813,2203,75171,88277,60000,63375,56538,64343,80000,99726,58992,GEOSCIENCES,Physical Sciences
5006.0,24679,8704,15975,16617,6037,10580,8062,2667,5395,59413,85000,52173,52000,61744,51428,67772,88221,59956,OCEANOGRAPHY,Physical Sciences
5007.0,409685,273371,136314,330708,222822,107886,78977,50549,28428,100000,115000,72000,82000,95000,60000,103000,120000,75000,PHYSICS,Physical Sciences
5008.0,37038,21770,15268,26058,15788,10270,10980,5982,4998,94000,115000,77010,91030,100000,68928,97033,115000,80000,MATERIALS SCIENCE,Engineering
5098.0,665057,229451,435606,350913,129116,221797,314144,100335,213809,70000,94000,60000,60325,80778,55386,75000,100663,65000,MULTI-DISCIPLINARY OR GENERAL SCIENCE,Physical Sciences
5102.0,18380,2426,15954,7310,1218,6092,11070,1208,9862,63347,70333,63000,55063,55654,55225,71275,75903,70617,"NUCLEAR, INDUSTRIAL RADIOLOGY, AND BIOLOGICAL TECHNOLOGIES",Physical Sciences
5200.0,3453154,1597109,1856045,1004359,474505,529854,2448795,1122604,1326191,58000,70000,48000,53000,65000,45000,69000,85000,55000,PSYCHOLOGY,Psychology & Social Work
5201.0,36976,27693,9283,8884,7070,1814,28092,20623,7469,55000,60000,46937,54042,57000,47306,72260,89288,41481,EDUCATIONAL PSYCHOLOGY,Psychology & Social Work
5202.0,30404,22017,8387,10147,8263,1884,20257,13754,6503,60000,65000,48623,59579,64091,42183,65000,69000,59670,CLINICAL PSYCHOLOGY,Psychology & Social Work
5203.0,92414,70091,22323,23394,16906,6488,69020,53185,15835,50000,50000,45806,50000,50000,52885,50000,51552,45000,COUNSELING PSYCHOLOGY,Psychology & Social Work
5205.0,36336,15781,20555,14538,6241,8297,21798,9540,12258,70000,93131,57578,75000,89404,60000,68000,98558,50000,INDUSTRIAL AND ORGANIZATIONAL PSYCHOLOGY,Psychology & Social Work
5206.0,17842,6572,11270,4950,1524,3426,12892,5048,7844,57361,53185,60283,58323,53703,60044,56048,51616,80000,SOCIAL PSYCHOLOGY,Psychology & Social Work
5299.0,79436,39116,40320,21267,11437,9830,58169,27679,30490,54198,67000,45000,50000,55000,43248,82559,93491,50255,MISCELLANEOUS PSYCHOLOGY,Psychology & Social Work
5301.0,1379850,303049,1076801,812405,160166,652239,567445,142883,424562,56000,70000,53000,50000,59000,44370,63000,80000,60000,CRIMINAL JUSTICE AND FIRE PROTECTION,Law & Public Policy
5401.0,118289,55983,62306,67814,29529,38285,50475,26454,24021,70000,75000,60917,62144,68428,50000,75755,83613,70000,PUBLIC ADMINISTRATION,Law & Public Policy
5402.0,51217,25940,25277,23732,11582,12150,27485,14358,13127,80000,99400,60000,75000,97643,56651,88000,101589,64390,PUBLIC POLICY,Law & Public Policy
5403.0,147514,40746,106768,26888,8413,18475,120626,32333,88293,45000,55000,42000,44568,52000,41000,61000,65000,53000,HUMAN SERVICES AND COMMUNITY ORGANIZATION,Psychology & Social Work
5404.0,772202,370394,401808,109422,57471,51951,662780,312923,349857,50000,55000,42000,49986,55000,41456,55000,60000,48000,SOCIAL WORK,Psychology & Social Work
5500.0,227961,86402,141559,98859,39239,59620,129102,47163,81939,60000,72000,52000,59000,68000,50000,60000,85000,55000,GENERAL SOCIAL SCIENCES,Social Science
5501.0,1512878,636926,875952,1032807,432932,599875,480071,203994,276077,90000,110000,75000,80000,98000,65000,94000,120000,80000,ECONOMICS,Social Science
5502.0,317078,144430,172648,109251,49603,59648,207827,94827,113000,55000,70000,48000,52000,66000,44000,65000,85000,55000,ANTHROPOLOGY AND ARCHEOLOGY,Humanities & Liberal Arts
5503.0,144424,37511,106913,78778,18579,60199,65646,18932,46714,55000,63000,50000,47092,59186,43000,60000,75000,60000,CRIMINOLOGY,Social Science
5504.0,215040,74103,140937,141234,45266,95968,73806,28837,44969,65000,80000,60000,58000,74409,48000,69000,80000,61000,GEOGRAPHY,Social Science
5505.0,207059,103219,103840,88085,45117,42968,118974,58102,60872,75000,99000,60000,67000,87000,54000,88999,110000,74180,INTERNATIONAL RELATIONS,Social Science
5506.0,1665250,856414,808836,1012608,517556,495052,652642,338858,313784,80000,98000,65000,73000,87000,60000,85000,101000,70000,POLITICAL SCIENCE AND GOVERNMENT,Social Science
5507.0,1208775,453316,755459,397522,146815,250707,811253,306501,504752,60000,70000,52000,55000,67000,50000,68000,80000,60000,SOCIOLOGY,Social Science
5599.0,38336,18249,20087,18394,8908,9486,19942,9341,10601,70000,77668,60000,70000,76404,54285,70462,79470,66010,MISCELLANEOUS SOCIAL SCIENCES,Social Science
5601.0,139330,14834,124496,125372,11996,113376,13958,2838,11120,84000,85000,84000,80000,74963,80000,84000,90000,84000,CONSTRUCTION SERVICES,Industrial Arts & Consumer Services
5701.0,28686,3658,25028,25969,3283,22686,2717,375,2342,50000,65264,50000,41727,55000,41638,50000,65470,50000,"ELECTRICAL, MECHANICAL, AND PRECISION TECHNOLOGIES AND PRODUCTION",Industrial Arts & Consumer Services
5901.0,189385,48239,141146,169266,42712,126554,20119,5527,14592,80000,100000,76000,75000,94529,69910,80000,100000,79438,TRANSPORTATION SCIENCES AND TECHNOLOGIES,Industrial Arts & Consumer Services
6000.0,870265,215622,654643,313685,73714,239971,556580,141908,414672,50000,62000,49000,50000,60000,46000,55000,65000,50308,FINE ARTS,Arts
6001.0,305642,87873,217769,119835,30775,89060,185807,57098,128709,50000,60000,45598,50000,57397,45000,52250,70000,48000,DRAMA AND THEATER ARTS,Arts
6002.0,573372,254424,318948,272758,115750,157008,300614,138674,161940,51000,60000,47637,50000,58000,45000,52000,62000,49000,MUSIC,Arts
6003.0,103375,28398,74977,23150,6021,17129,80225,22377,57848,45000,56148,40000,45000,57961,40000,47311,55000,45000,VISUAL AND PERFORMING ARTS,Arts
6004.0,756172,82727,673445,262086,28211,233875,494086,54516,439570,53000,68000,51000,50000,62979,49000,60000,75000,60000,COMMERCIAL ART AND GRAPHIC DESIGN,Arts
6005.0,221773,32433,189340,131647,18872,112775,90126,13561,76565,50000,62336,50000,46000,62376,42000,55000,62818,51572,FILM VIDEO AND PHOTOGRAPHIC ARTS,Arts
6006.0,181700,73331,108369,28012,13374,14638,153688,59957,93731,60000,68000,56519,60000,66686,56074,72216,76118,57014,ART HISTORY AND CRITICISM,Humanities & Liberal Arts
6007.0,137740,35382,102358,43317,11243,32074,94423,24139,70284,44482,54000,40000,43000,52000,39000,46144,56336,45000,STUDIO ARTS,Arts
6099.0,30722,3756,26966,16066,1400,14666,14656,2356,12300,51213,65000,50637,52000,70500,48866,50491,34486,52086,MISCELLANEOUS FINE ARTS,Arts
6100.0,267902,99995,167907,76793,33033,43760,191109,66962,124147,60000,75000,50000,56000,70000,47450,68000,85000,54000,GENERAL MEDICAL AND HEALTH SERVICES,Health
6102.0,331706,237886,93820,19706,13709,5997,312000,224177,87823,62000,67000,42000,61000,66000,40000,76000,85000,63945,COMMUNICATION DISORDERS SCIENCES AND SERVICES,Health
6103.0,278553,82567,195986,71012,22692,48320,207541,59875,147666,56000,72000,51898,53000,65000,50000,70000,80000,60000,HEALTH AND MEDICAL ADMINISTRATIVE SERVICES,Health
6104.0,105346,24976,80370,12392,5580,6812,92954,19396,73558,63000,85040,54000,60000,85000,51851,84699,92000,75909,MEDICAL ASSISTING SERVICES,Health
6105.0,253885,62000,191885,58447,19797,38650,195438,42203,153235,68000,84000,65000,67000,77260,65000,72000,95000,65000,MEDICAL TECHNOLOGIES TECHNICIANS,Health
6106.0,145083,109295,35788,83472,67837,15635,61611,41458,20153,100000,120000,45000,89494,105000,45000,114504,139065,41252,HEALTH AND MEDICAL PREPARATORY PROGRAMS,Health
6107.0,3265934,860482,2405452,310920,89602,221318,2955014,770880,2184134,72000,94000,67000,72000,92000,66000,80000,110000,70000,NURSING,Health
6108.0,400275,217883,182392,194802,105665,89137,205473,112218,93255,115000,120000,104693,105000,110000,99990,120000,130000,110000,PHARMACY PHARMACEUTICAL SCIENCES AND ADMINISTRATION,Health
6109.0,510553,219459,291094,133854,62988,70866,376699,156471,220228,70000,75000,60000,65000,73000,57000,72645,85000,65000,TREATMENT THERAPY PROFESSIONS,Health
6110.0,183394,68457,114937,49222,19843,29379,134172,48614,85558,58685,68759,50000,54000,65269,45000,65986,75000,58000,COMMUNITY AND PUBLIC HEALTH,Health
6199.0,169081,76668,92413,27927,13526,14401,141154,63142,78012,55000,65000,47152,55000,60000,47466,53244,77782,40000,MISCELLANEOUS HEALTH MEDICAL PROFESSIONS,Health
6200.0,3352444,786864,2565580,2000535,474620,1525915,1351909,312244,1039665,70000,85000,65000,60000,75000,55000,78000,96000,75000,GENERAL BUSINESS,Business
6201.0,2805339,806059,1999280,1407225,442410,964815,1398114,363649,1034465,75000,90000,70000,68160,78000,64000,84000,100000,76000,ACCOUNTING,Business
6202.0,23653,7279,16374,15047,4296,10751,8606,2983,5623,89635,100000,80712,89748,105100,80000,84888,86634,86965,ACTUARIAL SCIENCE,Business
6203.0,4560293,1073302,3486991,2555825,598997,1956828,2004468,474305,1530163,68000,85000,64000,60000,72000,55000,75000,95000,71000,BUSINESS MANAGEMENT AND ADMINISTRATION,Business
6204.0,131183,29479,101704,87143,18670,68473,44040,10809,33231,73000,100000,69615,65000,95043,60000,75000,100000,70000,OPERATIONS LOGISTICS AND E-COMMERCE,Business
6205.0,126317,38339,87978,82699,25406,57293,43618,12933,30685,86000,109528,80000,80000,100000,72000,90000,110000,85000,BUSINESS ECONOMICS,Business
6206.0,1616657,278122,1338535,739635,128685,610950,877022,149437,727585,67000,85000,64000,60000,76000,57000,75000,98000,71000,MARKETING AND MARKETING RESEARCH,Business
6207.0,1485974,445343,1040631,973531,300092,673439,512443,145251,367192,85000,100000,75000,74000,90000,65000,90000,110000,80000,FINANCE,Business
6209.0,352632,101700,250932,120224,39743,80481,232408,61957,170451,63000,79000,60000,59000,73000,55000,75000,88841,70000,HUMAN RESOURCES AND PERSONNEL MANAGEMENT,Business
6210.0,182705,52649,130056,81694,25326,56368,101011,27323,73688,61327,80000,58000,59000,70006,53214,70000,90000,60000,INTERNATIONAL BUSINESS,Business
6211.0,309732,38242,271490,122577,16640,105937,187155,21602,165553,53000,65000,52000,50000,60000,48000,60000,84976,60000,HOSPITALITY MANAGEMENT,Business
6212.0,267472,66027,201445,175677,41969,133708,91795,24058,67737,90000,104000,84361,77537,90000,75000,95000,110000,90000,MANAGEMENT INFORMATION SYSTEMS AND STATISTICS,Business
6299.0,182389,43318,139071,97933,25266,72667,84456,18052,66404,65000,80000,60000,55888,63000,50093,72000,94000,67868,MISCELLANEOUS BUSINESS & MEDICAL ADMINISTRATION,Business
6402.0,1563032,772857,790175,962000,476933,485067,601032,295924,305108,67000,80000,56000,60000,70000,49000,72000,87000,60000,HISTORY,Humanities & Liberal Arts
6403.0,36939,18452,18487,23296,11969,11327,13643,6483,7160,65000,89145,51898,60000,71198,45827,71213,100000,54396,UNITED STATES HISTORY,Humanities & Liberal Arts
